[Country]
Russia,7,SMTK_BW_8M,0,0x0419,RUS,3
South Africa,27,SMTK_BW_8M,0,0x0436,ZAF,2
Greece,30,SMTK_BW_7_8M,0,0x0408,GRC,2
Netherlands,31,SMTK_BW_8M,1,0x0413,NLD,1
Belgium,32,SMTK_BW_7_8M,0,0x0813,BEL,1
France,33,SMTK_BW_8M,1,0x040C,FRA,1
Spain,34,SMTK_BW_8M,0,0x040A,ESP,1
Hungary,36,SMTK_BW_8M,0,0x040E,HUN,1
Italy,39,SMTK_BW_7I_8M,1,0x0410,ITA,1
Romania,40,SMTK_BW_8M,0,0x0418,ROM,2
Switzerland,41,SMTK_BW_8M,0,0x100C,CHE,1
Austria,43,SMTK_BW_8M,0,0x0C07,AUT,1
United Kingdom,44,SMTK_BW_8M,1,0x0809,GBR,0
Denmark,45,SMTK_BW_8M,0,0x0406,DNK,1
Sweden,46,SMTK_BW_8M,1,0x041D,SWE,1
Norway,47,SMTK_BW_8M,1,0x0414,NOR,1
Poland,48,SMTK_BW_8M,0,0x0415,POL,1
Germany,49,SMTK_BW_7_8M,0,0x0407,DEU,1
Colombia,57,SMTK_BW_6M,0,0x240A,COL,-5
Malaysia,60,SMTK_BW_7_8M,0,0x043E,MYS,8
Australia,61,SMTK_BW_7M,1,0x0C09,AUS,10
Indonesia,62,SMTK_BW_6M,0,0x0421,IDN,7
New Zealand,64,SMTK_BW_8M,0,0x1409,NZL,12
Singapore,65,SMTK_BW_8M,0,0x4809,SGP,8
Thailand,66,SMTK_BW_7_8M,0,0x041E,THA,7
Vietnam,84,SMTK_BW_7_8M,0,0x042A,VNM,7
China,86,SMTK_BW_8M,0,0x0804,CHN,8
India,91,SMTK_BW_7_8M,0,0x0439,IND,5.5
Sri Lanka,94,SMTK_BW_7_8M,0,0x045B,LKA,5.5
Myanmar,95,SMTK_BW_6M,0,0x0455,MMR,6.5
Iran,98,SMTK_BW_7_8M,0,0x0429,IRN,3.5
Morocco,212,SMTK_BW_7_8M,0,0x1801,MAR,0
Tunisia,216,SMTK_BW_7_8M,0,0x1C01,TUN,1
Mauritius,230,SMTK_BW_7_8M,0,0x04E4,MUS,4
Cape Verde,238,SMTK_BW_7_8M,0,0x0816,CPV,-1
Kenya,254,SMTK_BW_7_8M,0,0x0409,KEN,3
Namibia,264,SMTK_BW_6M,0,0x409,NAM,2
Faroe Islands,298,SMTK_BW_8M,0,0x0438,FRO,0
Greenland,299,SMTK_BW_6M,0,0x0406,GRL,-3
Portugal,351,SMTK_BW_8M,0,0x0816,PRT,1
Luxembourg,352,SMTK_BW_7_8M,0,0x140C,LUX,1
Ireland,353,SMTK_BW_8M,0,0x1809,IRL,0
Iceland,354,SMTK_BW_7_8M,0,0x040F,ISL,0
Albania,355,SMTK_BW_7_8M,0,0x041C,ALB,1
Malta,356,SMTK_BW_7_8M,0,0x043A,MLT,1
Cyprus,357,SMTK_BW_7_8M,0,0x0409,CYP,2
Finland,358,SMTK_BW_8M,0,0x081D,FIN,2
Bulgaria,359,SMTK_BW_8M,0,0x0402,BGR,2
Lithuania,370,SMTK_BW_8M,0,0x0427,LTU,2
Latvia,371,SMTK_BW_8M,0,0x0426,LVA,3
Estonia,372,SMTK_BW_6M,0,0x0425,EST,3
Moldova,373,SMTK_BW_8M,0,0x0418,MDA,3
Belarus,375,SMTK_BW_8M,0,0x0423,BLR,3
Andorra,376,SMTK_BW_8M,0,0x0403,AND,1
Ukraine,380,SMTK_BW_8M,0,0x0422,UKR,3
Serbia,381,SMTK_BW_7_8M,0,0x0C1A,SRB,1
Croatia,385,SMTK_BW_8M,0,0x041A,HRV,1
Slovenia,386,SMTK_BW_8M,0,0x0424,SVN,1
Bosnia and Herzegovin,387,SMTK_BW_7_8M,0,0x141A,BIH,1
Republic of Macedonia,389,SMTK_BW_7_8M,0,0x042F,MKD,1
Czech Republic,420,SMTK_BW_8M,0,0x0405,CZE,1
Slovakia,421,SMTK_BW_7_8M,0,0x041B,SVK,1
Uruguay,598,SMTK_BW_6M,0,0x380A,URY,-3
Brunei,673,SMTK_BW_7_8M,0,0x083E,BRN,8
Cambodia,855,SMTK_BW_6M,0,0x0453,KHM,7
Laos,856,SMTK_BW_6M,0,0x0454,LAO,7
Taiwan,886,SMTK_BW_6M,0,0x0404,TWN,8
Saudi Arabia,966,SMTK_BW_7_8M,0,0x0401,SAU,3
Israel,972,SMTK_BW_7_8M,0,0x040D,ISR,2
Azerbaijan,994,SMTK_BW_8M,0,0x082C,AZE,4
Georgia,995,SMTK_BW_8M,0,0x0437,GEO,4
*Universal,1117,SMTK_BW_6_7_8M,0,0x000,UND,0
*Eagle_5M,1117,SMTK_BW_Eagle_5M,0,0x000,UND,0
*Eagle_6M,1117,SMTK_BW_Eagle_6M,0,0x000,UND,0
*Eagle_7M,1117,SMTK_BW_Eagle_7M,0,0x000,UND,0
*Eagle_8M,1117,SMTK_BW_Eagle_8M,0,0x000,UND,0
*Eagle_7_8M,1117,SMTK_BW_Eagle_7_8M,0,0x000,UND,0

[SMTK_BW_6M]
177000,6,1
183000,6,1
189000,6,1
195000,6,1
201000,6,1
207000,6,1
213000,6,1
473000,6,1
479000,6,1
485000,6,1
491000,6,1
497000,6,1
503000,6,1
509000,6,1
515000,6,1
521000,6,1
527000,6,1
533000,6,1
539000,6,1
545000,6,1
551000,6,1
557000,6,1
563000,6,1
569000,6,1
575000,6,1
581000,6,1
587000,6,1
593000,6,1
599000,6,1
605000,6,1
611000,6,1
617000,6,1
623000,6,1
629000,6,1
635000,6,1
641000,6,1
647000,6,1
653000,6,1
659000,6,1
665000,6,1
671000,6,1
677000,6,1
683000,6,1
689000,6,1
695000,6,1
701000,6,1
707000,6,1
713000,6,1
719000,6,1
725000,6,1
731000,6,1
737000,6,1
743000,6,1
749000,6,1
755000,6,1
761000,6,1
767000,6,1
773000,6,1
779000,6,1
785000,6,1
791000,6,1
797000,6,1
803000,6,1
809000,6,1
815000,6,1
821000,6,1
827000,6,1
833000,6,1
839000,6,1
845000,6,1
851000,6,1
857000,6,1
863000,6,1
869000,6,1
875000,6,1
881000,6,1
887000,6,1

[SMTK_BW_7M]
177500,7,1
184500,7,1
191500,7,1
198500,7,1
205500,7,1
212500,7,1
219500,7,1
226500,7,1
529500,7,1
536500,7,1
543500,7,1
550500,7,1
557500,7,1
564500,7,1
571500,7,1
578500,7,1
585500,7,1
592500,7,1
599500,7,1
606500,7,1
613500,7,1
620500,7,1
627500,7,1
634500,7,1
641500,7,1
648500,7,1
655500,7,1
662500,7,1
669500,7,1
676500,7,1
683500,7,1
690500,7,1
697500,7,1
704500,7,1
711500,7,1
718500,7,1
725500,7,1
732500,7,1
739500,7,1
746500,7,1
753500,7,1
760500,7,1
767500,7,1
774500,7,1
781500,7,1
788500,7,1
795500,7,1
802500,7,1
809500,7,1
816500,7,1

[SMTK_BW_7_8M]
177500,7,1
184500,7,1
191500,7,1
198500,7,1
205500,7,1
212500,7,1
219500,7,1
226500,7,1
474000,8,1
482000,8,1
490000,8,1
498000,8,1
506000,8,1
514000,8,1
522000,8,1
530000,8,1
538000,8,1
546000,8,1
554000,8,1
562000,8,1
570000,8,1
578000,8,1
586000,8,1
594000,8,1
602000,8,1
610000,8,1
618000,8,1
626000,8,1
634000,8,1
642000,8,1
650000,8,1
658000,8,1
666000,8,1
674000,8,1
682000,8,1
690000,8,1
698000,8,1
706000,8,1
714000,8,1
722000,8,1
730000,8,1
738000,8,1
746000,8,1
754000,8,1
762000,8,1
770000,8,1
778000,8,1
786000,8,1
794000,8,1
802000,8,1
810000,8,1
818000,8,1
826000,8,1
834000,8,1
842000,8,1
850000,8,1
858000,8,1

[SMTK_BW_7I_8M]
177500,7,1
186000,7,1
194500,7,1
203500,7,1
212500,7,1
219500,7,1
226500,7,1
474000,8,1
482000,8,1
490000,8,1
498000,8,1
506000,8,1
514000,8,1
522000,8,1
530000,8,1
538000,8,1
546000,8,1
554000,8,1
562000,8,1
570000,8,1
578000,8,1
586000,8,1
594000,8,1
602000,8,1
610000,8,1
618000,8,1
626000,8,1
634000,8,1
642000,8,1
650000,8,1
658000,8,1
666000,8,1
674000,8,1
682000,8,1
690000,8,1
698000,8,1
706000,8,1
714000,8,1
722000,8,1
730000,8,1
738000,8,1
746000,8,1
754000,8,1
762000,8,1
770000,8,1
778000,8,1
786000,8,1
794000,8,1
802000,8,1
810000,8,1
818000,8,1
826000,8,1
834000,8,1
842000,8,1
850000,8,1
858000,8,1

[SMTK_BW_8M]
178750,8,1
186750,8,1
194750,8,1
202750,8,1
210750,8,1
218750,8,1
474000,8,1
482000,8,1
490000,8,1
498000,8,1
506000,8,1
514000,8,1
522000,8,1
530000,8,1
538000,8,1
546000,8,1
554000,8,1
562000,8,1
570000,8,1
578000,8,1
586000,8,1
594000,8,1
602000,8,1
610000,8,1
618000,8,1
626000,8,1
634000,8,1
642000,8,1
650000,8,1
658000,8,1
666000,8,1
674000,8,1
682000,8,1
690000,8,1
698000,8,1
706000,8,1
714000,8,1
722000,8,1
730000,8,1
738000,8,1
746000,8,1
754000,8,1
762000,8,1
770000,8,1
778000,8,1
786000,8,1
794000,8,1
802000,8,1
810000,8,1
818000,8,1
826000,8,1
834000,8,1
842000,8,1
850000,8,1
858000,8,1

[SMTK_BW_6_7_8M]
177000,6,1
183000,6,1
189000,6,1
195000,6,1
201000,6,1
207000,6,1
213000,6,1
473000,6,1
479000,6,1
485000,6,1
491000,6,1
497000,6,1
503000,6,1
509000,6,1
515000,6,1
521000,6,1
527000,6,1
533000,6,1
539000,6,1
545000,6,1
551000,6,1
557000,6,1
563000,6,1
569000,6,1
575000,6,1
581000,6,1
587000,6,1
593000,6,1
599000,6,1
605000,6,1
611000,6,1
617000,6,1
623000,6,1
629000,6,1
635000,6,1
641000,6,1
647000,6,1
653000,6,1
659000,6,1
665000,6,1
671000,6,1
677000,6,1
683000,6,1
689000,6,1
695000,6,1
701000,6,1
707000,6,1
713000,6,1
719000,6,1
725000,6,1
731000,6,1
737000,6,1
743000,6,1
749000,6,1
755000,6,1
761000,6,1
767000,6,1
773000,6,1
779000,6,1
785000,6,1
791000,6,1
797000,6,1
803000,6,1
809000,6,1
815000,6,1
821000,6,1
827000,6,1
833000,6,1
839000,6,1
845000,6,1
851000,6,1
857000,6,1
863000,6,1
869000,6,1
875000,6,1
881000,6,1
887000,6,1
177500,7,1
184500,7,1
186000,7,1
191500,7,1
194500,7,1
198500,7,1
203500,7,1
205500,7,1
212500,7,1
219500,7,1
226500,7,1
529500,7,1
536500,7,1
543500,7,1
550500,7,1
557500,7,1
564500,7,1
571500,7,1
578500,7,1
585500,7,1
592500,7,1
599500,7,1
606500,7,1
613500,7,1
620500,7,1
627500,7,1
634500,7,1
641500,7,1
648500,7,1
655500,7,1
662500,7,1
669500,7,1
676500,7,1
683500,7,1
690500,7,1
697500,7,1
704500,7,1
711500,7,1
718500,7,1
725500,7,1
732500,7,1
739500,7,1
746500,7,1
753500,7,1
760500,7,1
767500,7,1
774500,7,1
781500,7,1
788500,7,1
795500,7,1
802500,7,1
809500,7,1
816500,7,1
178750,8,1
186750,8,1
194750,8,1
202750,8,1
210750,8,1
218750,8,1
474000,8,1
482000,8,1
490000,8,1
498000,8,1
506000,8,1
514000,8,1
522000,8,1
530000,8,1
538000,8,1
546000,8,1
554000,8,1
562000,8,1
570000,8,1
578000,8,1
586000,8,1
594000,8,1
602000,8,1
610000,8,1
618000,8,1
626000,8,1
634000,8,1
642000,8,1
650000,8,1
658000,8,1
666000,8,1
674000,8,1
682000,8,1
690000,8,1
698000,8,1
706000,8,1
714000,8,1
722000,8,1
730000,8,1
738000,8,1
746000,8,1
754000,8,1
762000,8,1
770000,8,1
778000,8,1
786000,8,1
794000,8,1
802000,8,1
810000,8,1
818000,8,1
826000,8,1
834000,8,1
842000,8,1
850000,8,1
858000,8,1

[SMTK_BW_Eagle_5M]
45000,5,1
50000,5,1
55000,5,1
60000,5,1
65000,5,1
70000,5,1
75000,5,1
80000,5,1
85000,5,1
90000,5,1
95000,5,1
100000,5,1
105000,5,1
110000,5,1
115000,5,1
120000,5,1
125000,5,1
130000,5,1
135000,5,1
140000,5,1
145000,5,1
150000,5,1
155000,5,1
160000,5,1
165000,5,1
170000,5,1
175000,5,1
180000,5,1
185000,5,1
190000,5,1
195000,5,1
200000,5,1
205000,5,1
210000,5,1
215000,5,1
220000,5,1
225000,5,1
230000,5,1
235000,5,1
240000,5,1
245000,5,1
250000,5,1
255000,5,1
260000,5,1
265000,5,1
270000,5,1
275000,5,1
280000,5,1
285000,5,1
290000,5,1
295000,5,1
300000,5,1
305000,5,1
310000,5,1
315000,5,1
320000,5,1
325000,5,1
330000,5,1
335000,5,1
340000,5,1
345000,5,1
350000,5,1
355000,5,1
360000,5,1
365000,5,1
370000,5,1
375000,5,1
380000,5,1
385000,5,1
390000,5,1
395000,5,1
400000,5,1
405000,5,1
410000,5,1
415000,5,1
420000,5,1
425000,5,1
430000,5,1
435000,5,1
440000,5,1
445000,5,1
450000,5,1
455000,5,1
460000,5,1
465000,5,1
470000,5,1
475000,5,1
480000,5,1
485000,5,1
490000,5,1
495000,5,1
500000,5,1
505000,5,1
510000,5,1
515000,5,1
520000,5,1
525000,5,1
530000,5,1
535000,5,1
540000,5,1
545000,5,1
550000,5,1
555000,5,1
560000,5,1
565000,5,1
570000,5,1
575000,5,1
580000,5,1
585000,5,1
590000,5,1
595000,5,1
600000,5,1
605000,5,1
610000,5,1
615000,5,1
620000,5,1
625000,5,1
630000,5,1
635000,5,1
640000,5,1
645000,5,1
650000,5,1
655000,5,1
660000,5,1
665000,5,1
670000,5,1
675000,5,1
680000,5,1
685000,5,1
690000,5,1
695000,5,1
700000,5,1
705000,5,1
710000,5,1
715000,5,1
720000,5,1
725000,5,1
730000,5,1
735000,5,1
740000,5,1
745000,5,1
750000,5,1
755000,5,1
760000,5,1
765000,5,1
770000,5,1
775000,5,1
780000,5,1
785000,5,1
790000,5,1
795000,5,1
800000,5,1
805000,5,1
810000,5,1
815000,5,1
820000,5,1
825000,5,1
830000,5,1
835000,5,1
840000,5,1
845000,5,1
850000,5,1
855000,5,1
860000,5,1
865000,5,1
870000,5,1
875000,5,1
880000,5,1
885000,5,1
890000,5,1
895000,5,1
900000,5,1
905000,5,1
910000,5,1
915000,5,1
920000,5,1
925000,5,1
930000,5,1
935000,5,1
940000,5,1
945000,5,1
950000,5,1
955000,5,1
960000,5,1
965000,5,1
970000,5,1
975000,5,1
980000,5,1
985000,5,1
990000,5,1
995000,5,1
1000000,5,1

[SMTK_BW_Eagle_6M]
45000,6,1
51000,6,1
57000,6,1
63000,6,1
69000,6,1
79000,6,1
85000,6,1
93000,6,1
99000,6,1
105000,6,1
111000,6,1
117000,6,1
123000,6,1
129000,6,1
135000,6,1
141000,6,1
147000,6,1
153000,6,1
159000,6,1
165000,6,1
171000,6,1
177000,6,1
183000,6,1
189000,6,1
195000,6,1
201000,6,1
207000,6,1
213000,6,1
219000,6,1
225000,6,1
231000,6,1
237000,6,1
243000,6,1
249000,6,1
255000,6,1
261000,6,1
267000,6,1
273000,6,1
279000,6,1
285000,6,1
291000,6,1
297000,6,1
305000,6,1
311000,6,1
317000,6,1
323000,6,1
329000,6,1
335000,6,1
341000,6,1
347000,6,1
353000,6,1
359000,6,1
365000,6,1
371000,6,1
377000,6,1
383000,6,1
389000,6,1
395000,6,1
401000,6,1
407000,6,1
413000,6,1
419000,6,1
425000,6,1
431000,6,1
437000,6,1
443000,6,1
449000,6,1
455000,6,1
461000,6,1
467000,6,1
473000,6,1
479000,6,1
485000,6,1
491000,6,1
497000,6,1
503000,6,1
509000,6,1
515000,6,1
521000,6,1
527000,6,1
533000,6,1
539000,6,1
545000,6,1
551000,6,1
557000,6,1
563000,6,1
569000,6,1
575000,6,1
581000,6,1
587000,6,1
593000,6,1
599000,6,1
605000,6,1
611000,6,1
617000,6,1
623000,6,1
629000,6,1
635000,6,1
641000,6,1
647000,6,1
653000,6,1
659000,6,1
665000,6,1
671000,6,1
677000,6,1
683000,6,1
689000,6,1
695000,6,1
701000,6,1
707000,6,1
713000,6,1
719000,6,1
725000,6,1
731000,6,1
737000,6,1
743000,6,1
749000,6,1
755000,6,1
761000,6,1
767000,6,1
773000,6,1
779000,6,1
785000,6,1
791000,6,1
797000,6,1
803000,6,1
809000,6,1
815000,6,1
821000,6,1
827000,6,1
833000,6,1
839000,6,1
845000,6,1
851000,6,1
857000,6,1
863000,6,1
869000,6,1
875000,6,1
881000,6,1
887000,6,1
893000,6,1
899000,6,1
905000,6,1
911000,6,1
917000,6,1
923000,6,1
929000,6,1
935000,6,1
941000,6,1
947000,6,1
953000,6,1
959000,6,1
965000,6,1
971000,6,1
977000,6,1
983000,6,1
989000,6,1
995000,6,1
1001000,6,1

[SMTK_BW_Eagle_7M]
45500,7,1
52500,7,1
59500,7,1
66500,7,1
90500,7,1
97500,7,1
104500,7,1
114500,7,1
121500,7,1
128500,7,1
135500,7,1
142500,7,1
149500,7,1
156500,7,1
163500,7,1
170500,7,1
177500,7,1
184500,7,1
191500,7,1
198500,7,1
205500,7,1
212500,7,1
219500,7,1
226500,7,1
233500,7,1
240500,7,1
247500,7,1
254500,7,1
261500,7,1
268500,7,1
275500,7,1
282500,7,1
289500,7,1
296500,7,1
305500,7,1
312500,7,1
319500,7,1
326500,7,1
333500,7,1
340500,7,1
347500,7,1
354500,7,1
361500,7,1
368500,7,1
375500,7,1
382500,7,1
389500,7,1
396500,7,1
403500,7,1
410500,7,1
417500,7,1
424500,7,1
431500,7,1
438500,7,1
445500,7,1
452500,7,1
459500,7,1
466500,7,1
473500,7,1
480500,7,1
487500,7,1
494500,7,1
501500,7,1
508500,7,1
515500,7,1
522500,7,1
529500,7,1
536500,7,1
543500,7,1
550500,7,1
557500,7,1
564500,7,1
571500,7,1
578500,7,1
585500,7,1
592500,7,1
599500,7,1
606500,7,1
613500,7,1
620500,7,1
627500,7,1
634500,7,1
641500,7,1
648500,7,1
655500,7,1
662500,7,1
669500,7,1
676500,7,1
683500,7,1
690500,7,1
697500,7,1
704500,7,1
711500,7,1
718500,7,1
725500,7,1
732500,7,1
739500,7,1
746500,7,1
753500,7,1
760500,7,1
767500,7,1
774500,7,1
781500,7,1
788500,7,1
795500,7,1
802500,7,1
809500,7,1
816500,7,1
823500,7,1
830500,7,1
837500,7,1
844500,7,1
851500,7,1
858500,7,1
865500,7,1
872500,7,1
879500,7,1
886500,7,1
893500,7,1
900500,7,1
907500,7,1
914500,7,1
921500,7,1
928500,7,1
935500,7,1
942500,7,1
949500,7,1
956500,7,1
963500,7,1
970500,7,1
977500,7,1
984500,7,1
991500,7,1
998500,7,1
1005500,7,1

[SMTK_BW_Eagle_8M]
42000,8,1
50000,8,1
58000,8,1
66000,8,1
74000,8,1
82000,8,1
114000,8,1
122000,8,1
130000,8,1
138000,8,1
146000,8,1
154000,8,1
162000,8,1
170000,8,1
178000,8,1
186000,8,1
194000,8,1
202000,8,1
210000,8,1
218000,8,1
226000,8,1
234000,8,1
242000,8,1
250000,8,1
258000,8,1
266000,8,1
274000,8,1
282000,8,1
290000,8,1
298000,8,1
306000,8,1
314000,8,1
322000,8,1
330000,8,1
338000,8,1
346000,8,1
354000,8,1
362000,8,1
370000,8,1
378000,8,1
386000,8,1
394000,8,1
402000,8,1
410000,8,1
418000,8,1
426000,8,1
434000,8,1
442000,8,1
450000,8,1
458000,8,1
466000,8,1
474000,8,1
482000,8,1
490000,8,1
498000,8,1
506000,8,1
514000,8,1
522000,8,1
530000,8,1
538000,8,1
546000,8,1
554000,8,1
562000,8,1
570000,8,1
578000,8,1
586000,8,1
594000,8,1
602000,8,1
610000,8,1
618000,8,1
626000,8,1
634000,8,1
642000,8,1
650000,8,1
658000,8,1
666000,8,1
674000,8,1
682000,8,1
690000,8,1
698000,8,1
706000,8,1
714000,8,1
722000,8,1
730000,8,1
738000,8,1
746000,8,1
754000,8,1
762000,8,1
770000,8,1
778000,8,1
786000,8,1
794000,8,1
802000,8,1
810000,8,1
818000,8,1
826000,8,1
834000,8,1
842000,8,1
850000,8,1
858000,8,1
866000,8,1
874000,8,1
882000,8,1
890000,8,1
898000,8,1
906000,8,1
914000,8,1
922000,8,1
930000,8,1
938000,8,1
946000,8,1
954000,8,1
962000,8,1
970000,8,1
978000,8,1
986000,8,1
994000,8,1
1002000,8,1

[SMTK_BW_Eagle_7_8M]
45500,7,1
52500,7,1
59500,7,1
66500,7,1
90500,7,1
97500,7,1
104500,7,1
114500,7,1
121500,7,1
128500,7,1
135500,7,1
142500,7,1
149500,7,1
156500,7,1
163500,7,1
170500,7,1
177500,7,1
184500,7,1
191500,7,1
198500,7,1
205500,7,1
212500,7,1
219500,7,1
226500,7,1
233500,7,1
240500,7,1
247500,7,1
254500,7,1
261500,7,1
268500,7,1
275500,7,1
282500,7,1
289500,7,1
296500,7,1
306000,8,1
314000,8,1
322000,8,1
330000,8,1
338000,8,1
346000,8,1
354000,8,1
362000,8,1
370000,8,1
378000,8,1
386000,8,1
394000,8,1
402000,8,1
410000,8,1
418000,8,1
426000,8,1
434000,8,1
442000,8,1
450000,8,1
458000,8,1
466000,8,1
474000,8,1
482000,8,1
490000,8,1
498000,8,1
506000,8,1
514000,8,1
522000,8,1
530000,8,1
538000,8,1
546000,8,1
554000,8,1
562000,8,1
570000,8,1
578000,8,1
586000,8,1
594000,8,1
602000,8,1
610000,8,1
618000,8,1
626000,8,1
634000,8,1
642000,8,1
650000,8,1
658000,8,1
666000,8,1
674000,8,1
682000,8,1
690000,8,1
698000,8,1
706000,8,1
714000,8,1
722000,8,1
730000,8,1
738000,8,1
746000,8,1
754000,8,1
762000,8,1
770000,8,1
778000,8,1
786000,8,1
794000,8,1
802000,8,1
810000,8,1
818000,8,1
826000,8,1
834000,8,1
842000,8,1
850000,8,1
858000,8,1
866000,8,1
874000,8,1
882000,8,1
890000,8,1
898000,8,1
906000,8,1
914000,8,1
922000,8,1
930000,8,1
938000,8,1
946000,8,1
954000,8,1
962000,8,1
970000,8,1
978000,8,1
986000,8,1
994000,8,1
1002000,8,1                                