ANALOGVIDEOSTANDARD
BEGIN
        AnalogVideo_NTSC_M      = 0x1
        AnalogVideo_NTSC_M_J    = 0x2
        AnalogVideo_NTSC_433    = 0x4
        AnalogVideo_PAL_B       = 0x10
        AnalogVideo_PAL_D       = 0x20
        AnalogVideo_PAL_G       = 0x40
        AnalogVideo_PAL_H       = 0x80
        AnalogVideo_PAL_I       = 0x100
        AnalogVideo_PAL_M       = 0x200
        AnalogVideo_PAL_N       = 0x400
        AnalogVideo_PAL_60      = 0x800
        AnalogVideo_SECAM_B     = 0x1000
        AnalogVideo_SECAM_D     = 0x2000
        AnalogVideo_SECAM_G     = 0x4000
        AnalogVideo_SECAM_H     = 0x8000
        AnalogVideo_SECAM_K     = 0x10000
        AnalogVideo_SECAM_K1    = 0x20000
        AnalogVideo_SECAM_L     = 0x40000
        AnalogVideo_SECAM_L1    = 0x80000
        AnalogVideo_PAL_N_COMBO = 0x100000
END

F_DTV_6M, 6MHz Bandwidth DTV
BEGIN
      533000,          6
      539000,          6
      545000,          6
      551000,          6
      557000,          6
      563000,          6
      569000,          6
      575000,          6
      581000,          6
      587000,          6
      593000,          6
END

F_DTV_7M, 7MHz Bandwidth DTV
BEGIN
      177500,          7
      184500,          7
      191500,          7
      198500,          7
      205500,          7
      212500,          7
      219500,          7
      226500,          7
      529500,          7
      536500,          7
      543500,          7
      550500,          7
      557500,          7
      564500,          7
      571500,          7
      578500,          7
      585500,          7
      592500,          7
      599500,          7
      606500,          7
      613500,          7
      620500,          7
      627500,          7
      634500,          7
      641500,          7
      648500,          7
      655500,          7
      662500,          7
      669500,          7
      676500,          7
      683500,          7
      690500,          7
      697500,          7
      704500,          7
      711500,          7
      718500,          7
      725500,          7
      732500,          7
      739500,          7
      746500,          7
      753500,          7
      760500,          7
      767500,          7
      774500,          7
      781500,          7
      788500,          7
      795500,          7
      802500,          7
      809500,          7
      816500,          7
END

F_DTV_AU, 7MHz Bandwidth DTV
BEGIN
      177500,          7
      184500,          7
      191500,          7
      198500,          7
      205500,          7
      212500,          7
      219500,          7
      226500,          7
      529500,          7
      536500,          7
      543500,          7
      550500,          7
      557500,          7
      564500,          7
      571500,          7
      578500,          7
      585500,          7
      592500,          7
      599500,          7
      606500,          7
      613500,          7
      620500,          7
      627500,          7
      634500,          7
      641500,          7
      648500,          7
      655500,          7
      662500,          7
      669500,          7
      676500,          7
      683500,          7
      690500,          7
      697500,          7
      704500,          7
      711500,          7
      718500,          7
      725500,          7
      732500,          7
      739500,          7
      746500,          7
      753500,          7
      760500,          7
      767500,          7
      774500,          7
      781500,          7
      788500,          7
      795500,          7
      802500,          7
      809500,          7
      816500,          7
END

F_DTV_7&8M, VHF 7MHz & UHF 8MHz Bandwidth DTV
BEGIN
      177500,          7
      184500,          7
      191500,          7
      198500,          7
      205500,          7
      212500,          7
      219500,          7
      226500,          7
      474000,          8
      482000,          8
      490000,          8
      498000,          8
      506000,          8
      514000,          8
      522000,          8
      530000,          8
      538000,          8
      546000,          8
      554000,          8
      562000,          8
      570000,          8
      578000,          8
      586000,          8
      594000,          8
      602000,          8
      610000,          8
      618000,          8
      626000,          8
      634000,          8
      642000,          8
      650000,          8
      658000,          8
      666000,          8
      674000,          8
      682000,          8
      690000,          8
      698000,          8
      706000,          8
      714000,          8
      722000,          8
      730000,          8
      738000,          8
      746000,          8
      754000,          8
      762000,          8
      770000,          8
      778000,          8
      786000,          8
      794000,          8
      802000,          8
      810000,          8
      818000,          8
      826000,          8
      834000,          8
      842000,          8
      850000,          8
      858000,          8
END

F_DTV_8M, 8MHz Bandwidth DTV
BEGIN
      178750,          8
      186750,          8
      194750,          8
      202750,          8
      210750,          8
      218750,          8
      474000,          8
      482000,          8
      490000,          8
      498000,          8
      506000,          8
      514000,          8
      522000,          8
      530000,          8
      538000,          8
      546000,          8
      554000,          8
      562000,          8
      570000,          8
      578000,          8
      586000,          8
      594000,          8
      602000,          8
      610000,          8
      618000,          8
      626000,          8
      634000,          8
      642000,          8
      650000,          8
      658000,          8
      666000,          8
      674000,          8
      682000,          8
      690000,          8
      698000,          8
      706000,          8
      714000,          8
      722000,          8
      730000,          8
      738000,          8
      746000,          8
      754000,          8
      762000,          8
      770000,          8
      778000,          8
      786000,          8
      794000,          8
      802000,          8
      810000,          8
      818000,          8
      826000,          8
      834000,          8
      842000,          8
      850000,          8
      858000,          8
END

F_ATSC_6, ATSC Broadcast
BEGIN
        57000,       6
        63000,       6
        69000,       6
        79000,       6
        85000,       6
       177000,       6
       183000,       6
       189000,       6
       195000,       6
       201000,       6
       207000,       6
       213000,       6
       473000,       6
       479000,       6
       485000,       6
       491000,       6
       497000,       6
       503000,       6
       509000,       6
       515000,       6
       521000,       6
       527000,       6
       533000,       6
       539000,       6
       545000,       6
       551000,       6
       557000,       6
       563000,       6
       569000,       6
       575000,       6
       581000,       6
       587000,       6
       593000,       6
       599000,       6
       605000,       6
       611000,       6
       617000,       6
       623000,       6
       629000,       6
       635000,       6
       641000,       6
       647000,       6
       653000,       6
       659000,       6
       665000,       6
       671000,       6
       677000,       6
       683000,       6
       689000,       6
       695000,       6
       701000,       6
       707000,       6
       713000,       6
       719000,       6
       725000,       6
       731000,       6
       737000,       6
       743000,       6
       749000,       6
       755000,       6
       761000,       6
       767000,       6
       773000,       6
       779000,       6
       785000,       6
       791000,       6
       797000,       6
       803000,       6
END

F_OZ__BROAD, Australia Broadcast
BEGIN
        57250,       001
        64250,       002
        86250,       003
        95250,       004
       138250,       005
       175250,       006
       182250,       007
       189250,       008
       196250,       009
       209250,       010
       216250,       011
       223250,       012
        46250,       013
       102250,       014
            0,       015
            0,       016
            0,       017
            0,       018
            0,       019
            0,       020
            0,       021
            0,       022
            0,       023
            0,       024
            0,       025
            0,       026
            0,       027
       527250,       028
       534250,       029
       541250,       030
       548250,       031
       555250,       032
       562250,       033
       569250,       034
       576250,       035
       583250,       036
       590250,       037
       597250,       038
       604250,       039
       611250,       040
       618250,       041
       625250,       042
       632250,       043
       639250,       044
       646250,       045
       653250,       046
       660250,       047
       667250,       048
       674250,       049
       681250,       050
       688250,       051
       695250,       052
       702250,       053
       709250,       054
       716250,       055
       723250,       056
       730250,       057
       737250,       058
       744250,       059
       751250,       060
       758250,       061
       765250,       062
       772250,       063
       779250,       064
       786250,       065
       793250,       066
       800250,       067
       807250,       068
       814250,       069
END


F_CHN_BROAD, China Broadcast
BEGIN
        49750,      001
        57750,      002
        65750,      003
        77250,      004
        85250,      005
       168250,      006
       176250,      007
       184250,      008
       192250,      009
       200250,      010
       208250,      011
       216250,      012
       471250,      013
       479250,      014
       487250,      015
       495250,      016
       503250,      017
       511250,      018
       519250,      019
       527250,      020
       535250,      021
       543250,      022
       551250,      023
       559250,      024
       605250,      025
       613250,      026
       621250,      027
       629250,      028
       637250,      029
       645250,      030
       653250,      031
       661250,      032
       669250,      033
       677250,      034
       685250,      035
       693250,      036
END





F_CHN_CABLE, China Cable
BEGIN
        49750,      001
        57750,      002
        65750,      003
        77250,      004
        85250,      005
       112250,      006
       120250,      007
       128250,      008
       136250,      009
       144250,      010
       152250,      011
       160250,      012
       168250,      013
       176250,      014
       184250,      015
       192250,      016
       200250,      017
       208250,      018
       216250,      019
       224250,      020
       232250,      021
       240250,      022
       248250,      023
       256250,      024
       264250,      025
       272250,      026
       280250,      027
       288250,      028
       471250,      029
       479250,      030
       487250,      031
       495250,      032
       503250,      033
       511250,      034
       519250,      035
       527250,      036
       535250,      037
       543250,      038
       551250,      039
       559250,      040
       567250,      041
       575250,      042
       583250,      043
       591250,      044
       599250,      045
       607250,      046
       615250,      047
       623250,      048
       631250,      049
       639250,      050
       647250,      051
       655250,      052
END

F_CZE_BROAD, Czech Republic Broadcast
BEGIN
        49750,       001
        57750,       002
        59250,       003
        65750,       004
        77250,       005
        85250,       006
        93250,       007
       175250,       008
       183250,       009
       191250,       010
       199250,       011
       207250,       012
       215250,       013
       223250,       014
            0,       015
            0,       016
            0,       017
            0,       018
            0,       019
            0,       020
       471250,       021
       479250,       022
       487250,       023
       495250,       024
       503250,       025
       511250,       026
       519250,       027
       527250,       028
       535250,       029
       543250,       030
       551250,       031
       559250,       032
       567250,       033
       575250,       034
       583250,       035
       591250,       036
       599250,       037
       607250,       038
       615250,       039
       623250,       040
       631250,       041
       639250,       042
       647250,       043
       655250,       044
       663250,       045
       671250,       046
       679250,       047
       687250,       048
       695250,       049
       703250,       050
       711250,       051
       719250,       052
       727250,       053
       735250,       054
       743250,       055
       751250,       056
       759250,       057
       767250,       058
       775250,       059
       783250,       060
       791250,       061
       799250,       062
       807250,       063
       815250,       064
       823250,       065
       831250,       066
       839250,       067
       847250,       068
       855250,       069
END

F_EEU_BROAD, Eastern Europe Broadcast
BEGIN
        49750,       001
        59250,       002
        77250,       003
        85250,       004
        93250,       005
       175250,       006
       183250,       007
       191250,       008
       199250,       009
       207250,       010
       215250,       011
       223250,       012
            0,       013
            0,       014
            0,       015
            0,       016
            0,       017
            0,       018
            0,       019
            0,       020
       471250,       021
       479250,       022
       487250,       023
       495250,       024
       503250,       025
       511250,       026
       519250,       027
       527250,       028
       535250,       029
       543250,       030
       551250,       031
       559250,       032
       567250,       033
       575250,       034
       583250,       035
       591250,       036
       599250,       037
       607250,       038
       615250,       039
       623250,       040
       631250,       041
       639250,       042
       647250,       043
       655250,       044
       663250,       045
       671250,       046
       679250,       047
       687250,       048
       695250,       049
       703250,       050
       711250,       051
       719250,       052
       727250,       053
       735250,       054
       743250,       055
       751250,       056
       759250,       057
       767250,       058
       775250,       059
       783250,       060
       791250,       061
       799250,       062
       807250,       063
       815250,       064
       823250,       065
       831250,       066
       839250,       067
       847250,       068
       855250,       069
END

F_RUS_CABLE, Russian, Belarus and Ukraine Cable
BEGIN
        49750   ,       1
        59250   ,       2
        77250   ,       3
        85250   ,       4
        93250   ,       5
        111250  ,       6
        119250  ,       7
        127250  ,       8
        135250  ,       9
        143250  ,       10
        151250  ,       11
        159250  ,       12
        167250  ,       13
        175250  ,       14
        183250  ,       15
        191250  ,       16
        199250  ,       17
        207250  ,       18
        215250  ,       19
        223250  ,       20
        231250  ,       21
        239250  ,       22
        247250  ,       23
        255250  ,       24
        263250  ,       25
        271250  ,       26
        279250  ,       27
        287250  ,       28
        295250  ,       29
        303250  ,       30
        311250  ,       31
        319250  ,       32
        327250  ,       33
        335250  ,       34
        343250  ,       35
        351250  ,       36
        359250  ,       37
        367250  ,       38
        375250  ,       39
        383250  ,       40
        391250  ,       41
        399250  ,       42
        407250  ,       43
        415250  ,       44
        423250  ,       45
        431250  ,       46
        439250  ,       47
        447250  ,       48
        455250  ,       49
        463250  ,       50
        471250  ,       51
        479250  ,       52
        487250  ,       53
        495250  ,       54
        503250  ,       55
        511250  ,       56
        519250  ,       57
        527250  ,       58
        535250  ,       59
        543250  ,       60
        551250  ,       61
        559250  ,       62
        567250  ,       63
        575250  ,       64
        583250  ,       65
        591250  ,       66
        599250  ,       67
        607250  ,       68
        615250  ,       69
        623250  ,       70
        631250  ,       71
        639250  ,       72
        647250  ,       73
        655250  ,       74
        663250  ,       75
        671250  ,       76
        679250  ,       77
        687250  ,       78
        695250  ,       79
        703250  ,       80
        711250  ,       81
        719250  ,       82
        727250  ,       83
        735250  ,       84
        743250  ,       85
        751250  ,       86
        759250  ,       87
        767250  ,       88
        775250  ,       89
        783250  ,       90
        791250  ,       91
        799250  ,       92
        807250  ,       93
        815250  ,       94
        523250  ,       95
        831250  ,       96
        839250  ,       97
        847250  ,       98
        855250  ,       99
END

F_POL_CABLE, POLAND
BEGIN
        49750   ,       1
        59250   ,       2
        77250   ,       3
        85250   ,       4
        93250   ,       5
        175250  ,       6
        183250  ,       7
        191250  ,       8
        199250  ,       9
        207250  ,       10
        215250  ,       11
        223250  ,       12
        111250  ,       13
        119250  ,       14
        127250  ,       15
        135250  ,       16
        143250  ,       17
        151250  ,       18
        159250  ,       19
        167250  ,       20
        471250  ,       21
        479250  ,       22
        487250  ,       23
        495250  ,       24
        503250  ,       25
        511250  ,       26
        519250  ,       27
        527250  ,       28
        535250  ,       29
        543250  ,       30
        551250  ,       31
        559250  ,       32
        567250  ,       33
        575250  ,       34
        583250  ,       35
        591250  ,       36
        599250  ,       37
        607250  ,       38
        615250  ,       39
        623250  ,       40
        631250  ,       41
        639250  ,       42
        647250  ,       43
        655250  ,       44
        663250  ,       45
        671250  ,       46
        679250  ,       47
        687250  ,       48
        695250  ,       49
        703250  ,       50
        711250  ,       51
        719250  ,       52
        727250  ,       53
        735250  ,       54
        743250  ,       55
        751250  ,       56
        759250  ,       57
        767250  ,       58
        775250  ,       59
        783250  ,       60
        791250  ,       61
        799250  ,       62
        807250  ,       63
        815250  ,       64
        823250  ,       65
        831250  ,       66
        839250  ,       67
        847250  ,       68
        855250  ,       69
        863250  ,       70
        231250  ,       71
        239250  ,       72
        247250  ,       73
        255250  ,       74
        263250  ,       75
        271250  ,       76
        279250  ,       77
        287250  ,       78
        295250  ,       79
        303250  ,       80
        311250  ,       81
        319250  ,       82
        327250  ,       83
        335250  ,       84
        343250  ,       85
        351250  ,       86
        359250  ,       87
        367250  ,       88
        375250  ,       89
        383250  ,       90
        391250  ,       91
        399250  ,       92
        407250  ,       93
        415250  ,       94
        423250  ,       95
        431250  ,       96
        439250  ,       97
        447250  ,       98
        455250  ,       99
        463250  ,       100
END



F_FRA_BROAD, France Broadcast
BEGIN
            0,       001
        55750,       002
        60500,       003
        63750,       004
       176000,       005
       184000,       006
       192000,       007
       200000,       008
       208000,       009
       216000,       010
            0,       011
            0,       012
            0,       013
            0,       014
            0,       015
            0,       016
            0,       017
            0,       018
            0,       019
            0,       020
       471250,       021
       479250,       022
       487250,       023
       495250,       024
       503250,       025
       511250,       026
       519250,       027
       527250,       028
       535250,       029
       543250,       030
       551250,       031
       559250,       032
       567250,       033
       575250,       034
       583250,       035
       591250,       036
       599250,       037
       607250,       038
       615250,       039
       623250,       040
       631250,       041
       639250,       042
       647250,       043
       655250,       044
       663250,       045
       671250,       046
       679250,       047
       687250,       048
       695250,       049
       703250,       050
       711250,       051
       719250,       052
       727250,       053
       735250,       054
       743250,       055
       751250,       056
       759250,       057
       767250,       058
       775250,       059
       783250,       060
       791250,       061
       799250,       062
       807250,       063
       815250,       064
       823250,       065
       831250,       066
       839250,       067
       847250,       068
       855250,       069
END

F_FOT_BROAD, French Overseas Territories Broadcast
BEGIN
            0,       001
            0,       002
            0,       003
       175250,       004
       183250,       005
       191250,       006
       199250,       007
       207250,       008
       215250,       009
END

F_IRE_BROAD, Ireland Broadcast
BEGIN
        45750,       001
        53750,       002
        61750,       003
       175250,       004
       183750,       005
       191250,       006
       199250,       007
       207250,       008
       215250,       009
       223250,       010
END

F_ITA_BROAD, Italy Broadcast
BEGIN
        47750,       001
        48250,       002
        55250,       003
        62250,       004
       175250,       005
       182250,       006
       189250,       007
       196250,       008
       203250,       009
       210250,       010
       217250,       011
       224250,       012
        53750,       013
        62250,       014
        82250,       015
       175250,       016
       183750,       017
       192250,       018
       201250,       019
       210250,       020
       471250,       021
       479250,       022
       487250,       023
       495250,       024
       503250,       025
       511250,       026
       519250,       027
       527250,       028
       535250,       029
       543250,       030
       551250,       031
       559250,       032
       567250,       033
       575250,       034
       583250,       035
       591250,       036
       599250,       037
       607250,       038
       615250,       039
       623250,       040
       631250,       041
       639250,       042
       647250,       043
       655250,       044
       663250,       045
       671250,       046
       679250,       047
       687250,       048
       695250,       049
       703250,       050
       711250,       051
       719250,       052
       727250,       053
       735250,       054
       743250,       055
       751250,       056
       759250,       057
       767250,       058
       775250,       059
       783250,       060
       791250,       061
       799250,       062
       807250,       063
       815250,       064
       823250,       065
       831250,       066
       839250,       067
       847250,       068
       855250,       069
END

F_JAP_BROAD, Japan Broadcast
BEGIN
        91250,       001
        97250,       002
       103250,       003
       171250,       004
       177250,       005
       183250,       006
       189250,       007
       193250,       008
       199250,       009
       205250,       010
       211250,       011
       217250,       012
       471250,       013
       477250,       014
       483250,       015
       489250,       016
       495250,       017
       501250,       018
       507250,       019
       513250,       020
       519250,       021
       525250,       022
       531250,       023
       537250,       024
       543250,       025
       549250,       026
       555250,       027
       561250,       028
       567250,       029
       573250,       030
       579250,       031
       585250,       032
       591250,       033
       597250,       034
       603250,       035
       609250,       036
       615250,       037
       621250,       038
       627250,       039
       633250,       040
       639250,       041
       645250,       042
       651250,       043
       657250,       044
       663250,       045
       669250,       046
       675250,       047
       681250,       048
       687250,       049
       693250,       050
       699250,       051
       705250,       052
       711250,       053
       717250,       054
       723250,       055
       729250,       056
       735250,       057
       741250,       058
       747250,       059
       753250,       060
       759250,       061
       765250,       062
END

F_JAP_CABLE, Japan Cable
BEGIN
        91250,       001
        97250,       002
       103250,       003
       109250,       004
       115250,       005
       121250,       006
       127250,       007
       133250,       008
       139250,       009
       145250,       010
       151250,       011
       157250,       012
       165250,       013
       171250,       014
       177250,       015
       183250,       016
       189250,       017
       193250,       018
       199250,       019
       205250,       020
       211250,       021
       217250,       022
       223250,       023
       231250,       024
       237250,       025
       243250,       026
       249250,       027
       253250,       028
       259250,       029
       265250,       030
       271250,       031
       277250,       032
       283250,       033
       289250,       034
       295250,       035
       301250,       036
       307250,       037
       313250,       038
       319250,       039
       325250,       040
       331250,       041
       337250,       042
       343250,       043
       349250,       044
       355250,       045
       361250,       046
       367250,       047
       373250,       048
       379250,       049
       385250,       050
       391250,       051
       397250,       052
       403250,       053
       409250,       054
       415250,       055
       421250,       056
       427250,       057
       433250,       058
       439250,       059
       445250,       060
       451250,       061
       457250,       062
       463250,       063
       471250,       064
       477250,       065
       483250,       066
       489250,       067
       495250,       068
       501250,       069
       507250,       070
       513250,       071
       519250,       072
       525250,       073
       531250,       074
       537250,       075
       543250,       076
       549250,       077
       555250,       078
       561250,       079
       567250,       080
       573250,       081
       579250,       082
       585250,       083
       591250,       084
       597250,       085
       603250,       086
       609250,       087
       615250,       088
       621250,       089
       627250,       090
       633250,       091
       639250,       092
       645250,       093
       651250,       094
       657250,       095
       663250,       096
       669250,       097
       675250,       098
       681250,       099
       687250,       100
       693250,       101
       699250,       102
       705250,       103
       711250,       104
       717250,       105
       723250,       106
       729250,       107
       735250,       108
       741250,       109
       747250,       110
       753250,       111
       759250,       112
       765250,       113
END

F_NZ__BROAD, New Zealand Broadcast
BEGIN
        45250,       001
        55250,       002
        62250,       003
       175250,       004
       182250,       005
       189250,       006
       196250,       007
       203250,       008
       210250,       009
       217250,       010
       224250,       011
END

F_USA_BROAD, NTSC Broadcast
BEGIN
            0,       001
        55250,       002
        61250,       003
        67250,       004
        77250,       005
        83250,       006
       175250,       007
       181250,       008
       187250,       009
       193250,       010
       199250,       011
       205250,       012
       211250,       013
       471250,       014
       477250,       015
       483250,       016
       489250,       017
       495250,       018
       501250,       019
       507250,       020
       513250,       021
       519250,       022
       525250,       023
       531250,       024
       537250,       025
       543250,       026
       549250,       027
       555250,       028
       561250,       029
       567250,       030
       573250,       031
       579250,       032
       585250,       033
       591250,       034
       597250,       035
       603250,       036
       609250,       037
       615250,       038
       621250,       039
       627250,       040
       633250,       041
       639250,       042
       645250,       043
       651250,       044
       657250,       045
       663250,       046
       669250,       047
       675250,       048
       681250,       049
       687250,       050
       693250,       051
       699250,       052
       705250,       053
       711250,       054
       717250,       055
       723250,       056
       729250,       057
       735250,       058
       741250,       059
       747250,       060
       753250,       061
       759250,       062
       765250,       063
       771250,       064
       777250,       065
       783250,       066
       789250,       067
       795250,       068
       801250,       069
END

F_USA_CABLE, NTSC Cable
BEGIN
        73250,       001
        55250,       002
        61250,       003
        67250,       004
        77250,       005
        83250,       006
       175250,       007
       181250,       008
       187250,       009
       193250,       010
       199250,       011
       205250,       012
       211250,       013
       121250,       014
       127250,       015
       133250,       016
       139250,       017
       145250,       018
       151250,       019
       157250,       020
       163250,       021
       169250,       022
       217250,       023
       223250,       024
       229250,       025
       235250,       026
       241250,       027
       247250,       028
       253250,       029
       259250,       030
       265250,       031
       271250,       032
       277250,       033
       283250,       034
       289250,       035
       295250,       036
       301250,       037
       307250,       038
       313250,       039
       319250,       040
       325250,       041
       331250,       042
       337250,       043
       343250,       044
       349250,       045
       355250,       046
       361250,       047
       367250,       048
       373250,       049
       379250,       050
       385250,       051
       391250,       052
       397250,       053
       403250,       054
       409250,       055
       415250,       056
       421250,       057
       427250,       058
       433250,       059
       439250,       060
       445250,       061
       451250,       062
       457250,       063
       463250,       064
       469250,       065
       475250,       066
       481250,       067
       487250,       068
       493250,       069
       499250,       070
       505250,       071
       511250,       072
       517250,       073
       523250,       074
       529250,       075
       535250,       076
       541250,       077
       547250,       078
       553250,       079
       559250,       080
       565250,       081
       571250,       082
       577250,       083
       583250,       084
       589250,       085
       595250,       086
       601250,       087
       607250,       088
       613250,       089
       619250,       090
       625250,       091
       631250,       092
       637250,       093
       643250,       094
        91250,       095
        97250,       096
       103250,       097
       109250,       098
       115250,       099
       649250,       100
       655250,       101
       661250,       102
       667250,       103
       673250,       104
       679250,       105
       685250,       106
       691250,       107
       697250,       108
       703250,       109
       709250,       110
       715250,       111
       721250,       112
       727250,       113
       733250,       114
       739250,       115
       745250,       116
       751250,       117
       757250,       118
       763250,       119
       769250,       120
       775250,       121
       781250,       122
       787250,       123
       793250,       124
       799250,       125
       805250,       126
       811250,       127
       817250,       128
       823250,       129
       829250,       130
       835250,       131
       841250,       132
       847250,       133
       853250,       134
       859250,       135
       865250,       136
       871250,       137
       877250,       138
       883250,       139
       889250,       140
       895250,       141
       901250,       142
       907250,       143
       913250,       144
       919250,       145
       925250,       146
       931250,       147
       937250,       148
       943250,       149
       949250,       150
       955250,       151
       961250,       152
       967250,       153
       973250,       154
       979250,       155
       985250,       156
       991250,       157
       997250,       158
END

F_UK__BROAD, United Kingdom Broadcast
BEGIN
        45750,       001
        53750,       002
        61750,       003
       175250,       004
       183250,       005
       191250,       006
       199250,       007
       207250,       008
       215250,       009
       223250,       010
       231250,       011
            0,       012
            0,       013
            0,       014
            0,       015
            0,       016
            0,       017
            0,       018
            0,       019
            0,       020
       471250,       021
       479250,       022
       487250,       023
       495250,       024
       503250,       025
       511250,       026
       519250,       027
       527250,       028
       535250,       029
       543250,       030
       551250,       031
       559250,       032
       567250,       033
       575250,       034
       583250,       035
       591250,       036
       599250,       037
       607250,       038
       615250,       039
       623250,       040
       631250,       041
       639250,       042
       647250,       043
       655250,       044
       663250,       045
       671250,       046
       679250,       047
       687250,       048
       695250,       049
       703250,       050
       711250,       051
       719250,       052
       727250,       053
       735250,       054
       743250,       055
       751250,       056
       759250,       057
       767250,       058
       775250,       059
       783250,       060
       791250,       061
       799250,       062
       807250,       063
       815250,       064
       823250,       065
       831250,       066
       839250,       067
       847250,       068
       855250,       069
END

F_UK__CABLE, United Kingdom Cable
BEGIN
        48250,       001
        49750,       002
        55250,       003
        62250,       004
        69250,       005
        76250,       006
        83250,       007
        90250,       008
        97250,       009
       105250,       010
       112250,       011
       119250,       012
       126250,       013
       133250,       014
       140250,       015
       147250,       016
       154250,       017
       161250,       018
       168250,       019
       175250,       020
       182250,       021
       189250,       022
       196250,       023
       203250,       024
       210250,       025
       217250,       026
       224250,       027
       231250,       028
       238250,       029
       245250,       030
       252250,       031
       259250,       032
       266250,       033
       273250,       034
       280250,       035
       287250,       036
       294250,       037
       303250,       038
       311250,       039
       319250,       040
       327250,       041
       335250,       042
       343250,       043
       351250,       044
       359250,       045
       367250,       046
       375250,       047
       383250,       048
       391250,       049
       399250,       050
       407250,       051
       415250,       052
       423250,       053
       431250,       054
       439250,       055
       447250,       056
       455250,       057
       463250,       058
       471250,       059
       479250,       060
       487250,       061
       495250,       062
       503250,       063
       511250,       064
       519250,       065
       527250,       066
       535250,       067
       543250,       068
       551250,       069
       559250,       070
       567250,       071
       575250,       072
       583250,       073
       591250,       074
       599250,       075
       607250,       076
       615250,       077
       623250,       078
       631250,       079
       639250,       080
       647250,       081
       655250,       082
       663250,       083
       671250,       084
       679250,       085
       687250,       086
       695250,       087
       703250,       088
       711250,       089
       719250,       090
       727250,       091
       735250,       092
       743250,       093
       751250,       094
       759250,       095
       767250,       096
       775250,       097
       783250,       098
       791250,       099
       799250,       100
       807250,       101
       815250,       102
       823250,       103
       831250,       104
       839250,       105
       847250,       106
       855250,       107
END

F_WEU_BROAD, Western Europe Broadcast
BEGIN
        48250,       001
        49750,       002
        55250,       003
        62250,       004
       175250,       005
       182250,       006
       189250,       007
       196250,       008
       203250,       009
       210250,       010
       217250,       011
       224250,       012
            0,       013
            0,       014
            0,       015
            0,       016
            0,       017
            0,       018
            0,       019
            0,       020
       471250,       021
       479250,       022
       487250,       023
       495250,       024
       503250,       025
       511250,       026
       519250,       027
       527250,       028
       535250,       029
       543250,       030
       551250,       031
       559250,       032
       567250,       033
       575250,       034
       583250,       035
       591250,       036
       599250,       037
       607250,       038
       615250,       039
       623250,       040
       631250,       041
       639250,       042
       647250,       043
       655250,       044
       663250,       045
       671250,       046
       679250,       047
       687250,       048
       695250,       049
       703250,       050
       711250,       051
       719250,       052
       727250,       053
       735250,       054
       743250,       055
       751250,       056
       759250,       057
       767250,       058
       775250,       059
       783250,       060
       791250,       061
       799250,       062
       807250,       063
       815250,       064
       823250,       065
       831250,       066
       839250,       067
       847250,       068
       855250,       069
END

F_FIX_BROAD, Morocco
BEGIN
        48250,       001
        49750,       002
        55250,       003
        62250,       004
       175250,       005
       182250,       006
       189250,       007
       196250,       008
       203250,       009
       210250,       010
       217250,       011
       224250,       012
            0,       013
            0,       014
            0,       015
            0,       016
            0,       017
            0,       018
            0,       019
            0,       020
       471250,       021
       479250,       022
       487250,       023
       495250,       024
       503250,       025
       511250,       026
       519250,       027
       527250,       028
       535250,       029
       543250,       030
       551250,       031
       559250,       032
       567250,       033
       575250,       034
       583250,       035
       591250,       036
       599250,       037
       607250,       038
       615250,       039
       623250,       040
       631250,       041
       639250,       042
       647250,       043
       655250,       044
       663250,       045
       671250,       046
       679250,       047
       687250,       048
       695250,       049
       703250,       050
       711250,       051
       719250,       052
       727250,       053
       735250,       054
       743250,       055
       751250,       056
       759250,       057
       767250,       058
       775250,       059
       783250,       060
       791250,       061
       799250,       062
       807250,       063
       815250,       064
       823250,       065
       831250,       066
       839250,       067
       847250,       068
       855250,       069
END

F_WEU_CABLE, Western Europe Cable
BEGIN
        48250,       001
        49750,       002
        55250,       003
        62250,       004
        69250,       005
        76250,       006
        83250,       007
        90250,       008
        97250,       009
       105250,       010
       112250,       011
       119250,       012
       126250,       013
       133250,       014
       140250,       015
       147250,       016
       154250,       017
       161250,       018
       168250,       019
       175250,       020
       182250,       021
       189250,       022
       196250,       023
       203250,       024
       210250,       025
       217250,       026
       224250,       027
       231250,       028
       238250,       029
       245250,       030
       252250,       031
       259250,       032
       266250,       033
       273250,       034
       280250,       035
       287250,       036
       294250,       037
       303250,       038
       311250,       039
       319250,       040
       327250,       041
       335250,       042
       343250,       043
       351250,       044
       359250,       045
       367250,       046
       375250,       047
       383250,       048
       391250,       049
       399250,       050
       407250,       051
       415250,       052
       423250,       053
       431250,       054
       439250,       055
       447250,       056
       455250,       057
       463250,       058
       471250,       059
       479250,       060
       487250,       061
       495250,       062
       503250,       063
       511250,       064
       519250,       065
       527250,       066
       535250,       067
       543250,       068
       551250,       069
       559250,       070
       567250,       071
       575250,       072
       583250,       073
       591250,       074
       599250,       075
       607250,       076
       615250,       077
       623250,       078
       631250,       079
       639250,       080
       647250,       081
       655250,       082
       663250,       083
       671250,       084
       679250,       085
       687250,       086
       695250,       087
       703250,       088
       711250,       089
       719250,       090
       727250,       091
       735250,       092
       743250,       093
       751250,       094
       759250,       095
       767250,       096
       775250,       097
       783250,       098
       791250,       099
       799250,       100
       807250,       101
       815250,       102
       823250,       103
       831250,       104
       839250,       105
       847250,       106
       855250,       107
END


F_UNI_CABLE, Universal Cable
BEGIN
        49750   ,       1
        55250   ,       2
        57750   ,       3
        59250   ,       4
        61250   ,       5
        62250   ,       6
        65750   ,       7
        67250   ,       8
        69250   ,       9
        73250   ,       10
        76250   ,       11
        77250   ,       12
        83250   ,       13
        85250   ,       14
        90250   ,       15
        91250   ,       16
        93250   ,       17
        97250   ,       18
        103250  ,       19
        105250  ,       20
        109250  ,       21
        111250  ,       22
        112250  ,       23
        115250  ,       24
        119250  ,       25
        120250  ,       26
        121250  ,       27
        126250  ,       28
        127250  ,       29
        128250  ,       30
        133250  ,       31
        135250  ,       32
        136250  ,       33
        139250  ,       34
        140250  ,       35
        143250  ,       36
        144250  ,       37
        145250  ,       38
        147250  ,       39
        151250  ,       40
        152250  ,       41
        154250  ,       42
        157250  ,       43
        159250  ,       44
        160250  ,       45
        161250  ,       46
        163250  ,       47
        165250  ,       48
        167250  ,       49
        168250  ,       50
        169250  ,       51
        171250  ,       52
        175250  ,       53
        176250  ,       54
        177250  ,       55
        181250  ,       56
        182250  ,       57
        183250  ,       58
        184250  ,       59
        187250  ,       60
        189250  ,       61
        191250  ,       62
        192250  ,       63
        193250  ,       64
        196250  ,       65
        199250  ,       66
        200250  ,       67
        203250  ,       68
        205250  ,       69
        207250  ,       70
        208250  ,       71
        210250  ,       72
        211250  ,       73
        215250  ,       74
        216250  ,       75
        217250  ,       76
        223250  ,       77
        224250  ,       78
        229250  ,       79
        231250  ,       80
        232250  ,       81
        235250  ,       82
        237250  ,       83
        238250  ,       84
        239250  ,       85
        240250  ,       86
        241250  ,       87
        243250  ,       88
        245250  ,       89
        247250  ,       90
        248250  ,       91
        249250  ,       92
        252250  ,       93
        253250  ,       94
        255250  ,       95
        256250  ,       96
        259250  ,       97
        263250  ,       98
        264250  ,       99
        265250  ,       100
        266250  ,       101
        271250  ,       102
        272250  ,       103
        273250  ,       104
        277250  ,       105
        279250  ,       106
        280250  ,       107
        283250  ,       108
        287250  ,       109
        288250  ,       110
        289250  ,       111
        294250  ,       112
        295250  ,       113
        301250  ,       114
        303250  ,       115
        307250  ,       116
        311250  ,       117
        313250  ,       118
        319250  ,       119
        325250  ,       120
        327250  ,       121
        331250  ,       122
        335250  ,       123
        337250  ,       124
        343250  ,       125
        349250  ,       126
        351250  ,       127
        355250  ,       128
        359250  ,       129
        361250  ,       130
        367250  ,       131
        373250  ,       132
        375250  ,       133
        379250  ,       134
        383250  ,       135
        385250  ,       136
        391250  ,       137
        397250  ,       138
        399250  ,       139
        403250  ,       140
        407250  ,       141
        409250  ,       142
        415250  ,       143
        421250  ,       144
        423250  ,       145
        427250  ,       146
        431250  ,       147
        433250  ,       148
        439250  ,       149
        445250  ,       150
        447250  ,       151
        451250  ,       152
        455250  ,       153
        457250  ,       154
        463250  ,       155
        469250  ,       156
        471250  ,       157
        475250  ,       158
        477250  ,       159
        479250  ,       160
        481250  ,       161
        483250  ,       162
        487250  ,       163
        489250  ,       164
        493250  ,       165
        495250  ,       166
        499250  ,       167
        501250  ,       168
        503250  ,       169
        505250  ,       170
        507250  ,       171
        511250  ,       172
        513250  ,       173
        517250  ,       174
        519250  ,       175
        523250  ,       176
        525250  ,       177
        527250  ,       178
        529250  ,       179
        531250  ,       180
        535250  ,       181
        537250  ,       182
        541250  ,       183
        543250  ,       184
        547250  ,       185
        549250  ,       186
        551250  ,       187
        553250  ,       188
        555250  ,       189
        559250  ,       190
        561250  ,       191
        565250  ,       192
        567250  ,       193
        571250  ,       194
        573250  ,       195
        575250  ,       196
        577250  ,       197
        579250  ,       198
        583250  ,       199
        585250  ,       200
        589250  ,       201
        591250  ,       202
        595250  ,       203
        597250  ,       204
        599250  ,       205
        601250  ,       206
        603250  ,       207
        607250  ,       208
        609250  ,       209
        613250  ,       210
        615250  ,       211
        619250  ,       212
        621250  ,       213
        623250  ,       214
        625250  ,       215
        627250  ,       216
        631250  ,       217
        633250  ,       218
        637250  ,       219
        639250  ,       220
        643250  ,       221
        645250  ,       222
        647250  ,       223
        649250  ,       224
        651250  ,       225
        655250  ,       226
        657250  ,       227
        661250  ,       228
        663250  ,       229
        667250  ,       230
        669250  ,       231
        671250  ,       232
        673250  ,       233
        675250  ,       234
        679250  ,       235
        681250  ,       236
        685250  ,       237
        687250  ,       238
        691250  ,       239
        693250  ,       240
        695250  ,       241
        697250  ,       242
        699250  ,       243
        703250  ,       244
        705250  ,       245
        709250  ,       246
        711250  ,       247
        715250  ,       248
        717250  ,       249
        719250  ,       250
        721250  ,       251
        723250  ,       252
        727250  ,       253
        729250  ,       254
        733250  ,       255
        735250  ,       256
        739250  ,       257
        741250  ,       258
        743250  ,       259
        745250  ,       260
        747250  ,       261
        751250  ,       262
        753250  ,       263
        757250  ,       264
        759250  ,       265
        763250  ,       266
        765250  ,       267
        767250  ,       268
        769250  ,       269
        775250  ,       270
        781250  ,       271
        783250  ,       272
        787250  ,       273
        791250  ,       274
        793250  ,       275
        799250  ,       276
        805250  ,       277
        807250  ,       278
        811250  ,       279
        815250  ,       280
        817250  ,       281
        823250  ,       282
        829250  ,       283
        831250  ,       284
        835250  ,       285
        839250  ,       286
        841250  ,       287
        847250  ,       288
        853250  ,       289
        855250  ,       290
        859250  ,       291
        863250  ,       292
        865250  ,       293
        871250  ,       294
        877250  ,       295
        883250  ,       296
        889250  ,       297
        895250  ,       298
        901250  ,       299
        907250  ,       300
        913250  ,       301
        919250  ,       302
        925250  ,       303
        931250  ,       304
        937250  ,       305
        943250  ,       306
        949250  ,       307
        955250  ,       308
        961250  ,       309
        967250  ,       310
        973250  ,       311
        979250  ,       312
        985250  ,       313
        991250  ,       314
        997250  ,       315
END


COUNTRYLIST
BEGIN
1,   F_USA_CABLE, AnalogVideo_NTSC_M,   F_USA_BROAD, AnalogVideo_NTSC_M,   F_ATSC_6,USA,0,1
1,   F_USA_CABLE, AnalogVideo_NTSC_M,   F_USA_BROAD, AnalogVideo_NTSC_M,   F_DTV_6M,Anguilla,0,0
1,   F_USA_CABLE, AnalogVideo_NTSC_M,   F_USA_BROAD, AnalogVideo_NTSC_M,   F_DTV_6M,Antigua,0,0
1,   F_USA_CABLE, AnalogVideo_NTSC_M,   F_USA_BROAD, AnalogVideo_NTSC_M,   F_DTV_6M,Bahamas,0,0
1,   F_USA_CABLE, AnalogVideo_NTSC_M,   F_USA_BROAD, AnalogVideo_NTSC_M,   F_DTV_6M,Barbados,0,0
1,   F_USA_CABLE, AnalogVideo_NTSC_M,   F_USA_BROAD, AnalogVideo_NTSC_M,   F_DTV_6M,Bermuda,0,0
1,   F_USA_CABLE, AnalogVideo_NTSC_M,   F_USA_BROAD, AnalogVideo_NTSC_M,   F_DTV_6M,British Virgin Islands,0,0
1,   F_USA_CABLE, AnalogVideo_NTSC_M,   F_USA_BROAD, AnalogVideo_NTSC_M,   F_DTV_6M,Canada,0,0
1,   F_USA_CABLE, AnalogVideo_NTSC_M,   F_USA_BROAD, AnalogVideo_NTSC_M,   F_DTV_6M,Cayman Islands,0,0
1,   F_USA_CABLE, AnalogVideo_NTSC_M,   F_USA_BROAD, AnalogVideo_NTSC_M,   F_DTV_6M,Dominica,0,0
1,   F_USA_CABLE, AnalogVideo_NTSC_M,   F_USA_BROAD, AnalogVideo_NTSC_M,   F_DTV_6M,Dominican Republic,0,0
1,   F_USA_CABLE, AnalogVideo_NTSC_M,   F_USA_BROAD, AnalogVideo_NTSC_M,   F_DTV_6M,Grenada,0,0
1,   F_USA_CABLE, AnalogVideo_NTSC_M,   F_USA_BROAD, AnalogVideo_NTSC_M,   F_DTV_6M,Jamaica,0,0
1,   F_USA_CABLE, AnalogVideo_NTSC_M,   F_USA_BROAD, AnalogVideo_NTSC_M,   F_DTV_6M,Montserrat,0,0
1,   F_USA_CABLE, AnalogVideo_NTSC_M,   F_USA_BROAD, AnalogVideo_NTSC_M,   F_DTV_6M,Nevis,0,0
1,   F_USA_CABLE, AnalogVideo_NTSC_M,   F_USA_BROAD, AnalogVideo_NTSC_M,   F_DTV_6M,St. Kitts,0,0
1,   F_USA_CABLE, AnalogVideo_NTSC_M,   F_USA_BROAD, AnalogVideo_NTSC_M,   F_DTV_6M,St. Vincent and the Grenadines,0,0
1,   F_USA_CABLE, AnalogVideo_NTSC_M,   F_USA_BROAD, AnalogVideo_NTSC_M,   F_DTV_6M,Trinidad and Tobago,0,0
1,   F_USA_CABLE, AnalogVideo_NTSC_M,   F_USA_BROAD, AnalogVideo_NTSC_M,   F_DTV_6M,Turks and Caicos Islands,0,0
1,   F_USA_CABLE, AnalogVideo_NTSC_M,   F_USA_BROAD, AnalogVideo_NTSC_M,   F_DTV_6M,Barbuda,0,0
1,   F_USA_CABLE, AnalogVideo_NTSC_M,   F_USA_BROAD, AnalogVideo_NTSC_M,   F_DTV_6M,Puerto Rico,0,0
1,   F_USA_CABLE, AnalogVideo_NTSC_M,   F_USA_BROAD, AnalogVideo_NTSC_M,   F_DTV_6M,Saint Lucia,0,0
1,   F_USA_CABLE, AnalogVideo_NTSC_M,   F_USA_BROAD, AnalogVideo_NTSC_M,   F_DTV_6M,United States Virgin Islands,0,0
2,   F_USA_CABLE, AnalogVideo_NTSC_M,   F_USA_BROAD, AnalogVideo_NTSC_M,   F_DTV_6M,Canada,0,0
20,  F_UNI_CABLE, AnalogVideo_SECAM_B,  F_WEU_BROAD, AnalogVideo_SECAM_B,  F_DTV_7&8M,Egypt,0,0
212, F_UNI_CABLE, AnalogVideo_SECAM_B,  F_FIX_BROAD, AnalogVideo_SECAM_B,  F_DTV_7&8M,Morocco,0,0
213, F_UNI_CABLE, AnalogVideo_PAL_B,    F_WEU_BROAD, AnalogVideo_PAL_B,    F_DTV_7&8M,Algeria,0,0
216, F_UNI_CABLE, AnalogVideo_SECAM_B,  F_WEU_BROAD, AnalogVideo_SECAM_B,  F_DTV_7&8M,Tunisia,0,0
218, F_UNI_CABLE, AnalogVideo_SECAM_B,  F_WEU_BROAD, AnalogVideo_SECAM_B,  F_DTV_7&8M,Libya,0,0
220, F_UNI_CABLE, AnalogVideo_SECAM_K,  F_FOT_BROAD, AnalogVideo_SECAM_K,  F_DTV_8M,Gambia,0,0
221, F_UNI_CABLE, AnalogVideo_SECAM_K,  F_FOT_BROAD, AnalogVideo_SECAM_K,  F_DTV_8M,Senegal Republic,0,0
222, F_UNI_CABLE, AnalogVideo_SECAM_B,  F_FIX_BROAD, AnalogVideo_SECAM_B,  F_DTV_7&8M,Mauritania,0,0
223, F_UNI_CABLE, AnalogVideo_SECAM_K,  F_USA_BROAD, AnalogVideo_SECAM_K,  F_DTV_6M,Mali,0,0
224, F_UNI_CABLE, AnalogVideo_SECAM_K,  F_USA_BROAD, AnalogVideo_SECAM_K,  F_DTV_6M,Guinea,0,0
225, F_UNI_CABLE, AnalogVideo_SECAM_K,  F_FIX_BROAD, AnalogVideo_SECAM_K,  F_DTV_7&8M,Cote D'Ivoire,0,0
226, F_UNI_CABLE, AnalogVideo_SECAM_K,  F_USA_BROAD, AnalogVideo_SECAM_K,  F_DTV_6M,Burkina Faso,0,0
227, F_UNI_CABLE, AnalogVideo_SECAM_K,  F_FOT_BROAD, AnalogVideo_SECAM_K,  F_DTV_8M,Niger,0,0
228, F_UNI_CABLE, AnalogVideo_SECAM_K,  F_FOT_BROAD, AnalogVideo_SECAM_K,  F_DTV_8M,Togo,0,0
229, F_UNI_CABLE, AnalogVideo_SECAM_K,  F_FOT_BROAD, AnalogVideo_SECAM_K,  F_DTV_8M,Benin,0,0
230, F_UNI_CABLE, AnalogVideo_SECAM_B,  F_WEU_BROAD, AnalogVideo_SECAM_B,  F_DTV_7&8M,Mauritius,0,0
231, F_UNI_CABLE, AnalogVideo_PAL_B,    F_WEU_BROAD, AnalogVideo_PAL_B,    F_DTV_7&8M,Liberia,0,0
232, F_UNI_CABLE, AnalogVideo_PAL_B,    F_WEU_BROAD, AnalogVideo_PAL_B,    F_DTV_7&8M,Sierra Leone,0,0
233, F_UNI_CABLE, AnalogVideo_PAL_B,    F_WEU_BROAD, AnalogVideo_PAL_B,    F_DTV_7&8M,Ghana,0,0
234, F_UNI_CABLE, AnalogVideo_PAL_B,    F_WEU_BROAD, AnalogVideo_PAL_B,    F_DTV_7&8M,Nigeria,0,0
235, F_UNI_CABLE, AnalogVideo_PAL_B,    F_WEU_BROAD, AnalogVideo_PAL_B,    F_DTV_7&8M,Chad,0,0
236, F_UNI_CABLE, AnalogVideo_PAL_B,    F_WEU_BROAD, AnalogVideo_PAL_B,    F_DTV_7&8M,Central African Republic,0,0
237, F_UNI_CABLE, AnalogVideo_PAL_B,    F_WEU_BROAD, AnalogVideo_PAL_B,    F_DTV_7&8M,Cameroon,0,0
238, F_UNI_CABLE, AnalogVideo_NTSC_M,   F_FIX_BROAD, AnalogVideo_NTSC_M,   F_DTV_7&8M,Cape Verde Islands,0,0
239, F_UNI_CABLE, AnalogVideo_PAL_B,    F_USA_BROAD, AnalogVideo_PAL_B,    F_DTV_6M,Sao Tome and Principe,0,0
240, F_UNI_CABLE, AnalogVideo_SECAM_B,  F_FIX_BROAD, AnalogVideo_SECAM_B,  F_DTV_7&8M,Equatorial Guinea,0,0
241, F_UNI_CABLE, AnalogVideo_SECAM_K,  F_FOT_BROAD, AnalogVideo_SECAM_K,  F_DTV_8M,Gabon,0,0
242, F_UNI_CABLE, AnalogVideo_SECAM_D,  F_FOT_BROAD, AnalogVideo_SECAM_D,  F_DTV_8M,Congo,0,0
243, F_UNI_CABLE, AnalogVideo_SECAM_K,  F_FOT_BROAD, AnalogVideo_SECAM_K,  F_DTV_8M,Congo(DRC),0,0
244, F_UNI_CABLE, AnalogVideo_PAL_I,    F_FIX_BROAD, AnalogVideo_PAL_I,    F_DTV_7&8M,Angola,0,0
245, F_UNI_CABLE, AnalogVideo_NTSC_M,   F_FIX_BROAD, AnalogVideo_NTSC_M,   F_DTV_7&8M,Guinea-Bissau,0,0
246, F_USA_CABLE, AnalogVideo_NTSC_M,   F_USA_BROAD, AnalogVideo_NTSC_M,   F_DTV_6M,Diego Garcia,0,0
247, F_UNI_CABLE, AnalogVideo_NTSC_M,   F_USA_BROAD, AnalogVideo_NTSC_M,   F_DTV_6M,Ascension Island,0,0
248, F_UNI_CABLE, AnalogVideo_PAL_B,    F_USA_BROAD, AnalogVideo_PAL_B,    F_DTV_6M,Seychelle Islands,0,0
249, F_UNI_CABLE, AnalogVideo_PAL_B,    F_WEU_BROAD, AnalogVideo_PAL_B,    F_DTV_7&8M,Sudan,0,0
250, F_UNI_CABLE, AnalogVideo_PAL_B,    F_WEU_BROAD, AnalogVideo_PAL_B,    F_DTV_7&8M,Rwanda,0,0
251, F_UNI_CABLE, AnalogVideo_PAL_B,    F_WEU_BROAD, AnalogVideo_PAL_B,    F_DTV_7&8M,Ethiopia,0,0
252, F_UNI_CABLE, AnalogVideo_PAL_B,    F_WEU_BROAD, AnalogVideo_PAL_B,    F_DTV_7&8M,Somalia,0,0
253, F_UNI_CABLE, AnalogVideo_SECAM_K,  F_FOT_BROAD, AnalogVideo_SECAM_K,  F_DTV_8M,Djibouti,0,0
254, F_UNI_CABLE, AnalogVideo_PAL_B,    F_WEU_BROAD, AnalogVideo_PAL_B,    F_DTV_7&8M,Kenya,0,0
255, F_UNI_CABLE, AnalogVideo_PAL_B,    F_WEU_BROAD, AnalogVideo_PAL_B,    F_DTV_7&8M,Tanzania,0,0
256, F_UNI_CABLE, AnalogVideo_PAL_B,    F_WEU_BROAD, AnalogVideo_PAL_B,    F_DTV_7&8M,Uganda,0,0
257, F_UNI_CABLE, AnalogVideo_SECAM_K,  F_FIX_BROAD, AnalogVideo_SECAM_K,  F_DTV_7&8M,Burundi,0,0
258, F_UNI_CABLE, AnalogVideo_PAL_B,    F_FIX_BROAD, AnalogVideo_PAL_B,    F_DTV_7&8M,Mozambique,0,0
260, F_UNI_CABLE, AnalogVideo_PAL_B,    F_WEU_BROAD, AnalogVideo_PAL_B,    F_DTV_7&8M,Zambia,0,0
261, F_UNI_CABLE, AnalogVideo_SECAM_K,  F_FOT_BROAD, AnalogVideo_SECAM_K,  F_DTV_8M,Madagascar,0,0
262, F_UNI_CABLE, AnalogVideo_SECAM_K,  F_FOT_BROAD, AnalogVideo_SECAM_K,  F_DTV_8M,Reunion Island,0,0
263, F_UNI_CABLE, AnalogVideo_PAL_B,    F_WEU_BROAD, AnalogVideo_PAL_B,    F_DTV_7&8M,Zimbabwe,0,0
264, F_UNI_CABLE, AnalogVideo_PAL_I,    F_USA_BROAD, AnalogVideo_PAL_I,    F_DTV_6M,Namibia,0,0
265, F_UNI_CABLE, AnalogVideo_NTSC_M,   F_USA_BROAD, AnalogVideo_NTSC_M,   F_DTV_6M,Malawi,0,0
266, F_UNI_CABLE, AnalogVideo_PAL_I,    F_USA_BROAD, AnalogVideo_PAL_I,    F_DTV_6M,Lesotho,0,0
267, F_UNI_CABLE, AnalogVideo_SECAM_K,  F_USA_BROAD, AnalogVideo_SECAM_K,  F_DTV_6M,Botswana,0,0
268, F_UNI_CABLE, AnalogVideo_PAL_B,    F_USA_BROAD, AnalogVideo_PAL_B,    F_DTV_6M,Swaziland,0,0
269, F_UNI_CABLE, AnalogVideo_SECAM_K,  F_USA_BROAD, AnalogVideo_SECAM_K,  F_DTV_6M,Mayotte Island,0,0
269, F_UNI_CABLE, AnalogVideo_NTSC_M,   F_USA_BROAD, AnalogVideo_NTSC_M,   F_DTV_6M,Comoros,0,0
27,  F_UNI_CABLE, AnalogVideo_PAL_I,    F_UK__BROAD, AnalogVideo_PAL_I,    F_DTV_8M,South Africa,0,0
290, F_UNI_CABLE, AnalogVideo_NTSC_M,   F_USA_BROAD, AnalogVideo_NTSC_M,   F_DTV_6M,St. Helena,0,0
291, F_UNI_CABLE, AnalogVideo_NTSC_M,   F_USA_BROAD, AnalogVideo_NTSC_M,   F_DTV_6M,Eritrea,0,0
297, F_UNI_CABLE, AnalogVideo_NTSC_M,   F_USA_BROAD, AnalogVideo_NTSC_M,   F_DTV_6M,Aruba,0,0
298, F_UNI_CABLE, AnalogVideo_PAL_B,    F_USA_BROAD, AnalogVideo_PAL_B,    F_DTV_6M,Faroe Islands,0,0
299, F_USA_CABLE, AnalogVideo_NTSC_M,   F_USA_BROAD, AnalogVideo_NTSC_M,   F_DTV_6M,Greenland,0,0
30,  F_UNI_CABLE, AnalogVideo_SECAM_B,  F_WEU_BROAD, AnalogVideo_SECAM_B,  F_DTV_7&8M,Greece,0,0
31,  F_UNI_CABLE, AnalogVideo_PAL_B,    F_WEU_BROAD, AnalogVideo_PAL_B,    F_DTV_7&8M,Netherlands,0,0
32,  F_WEU_CABLE, AnalogVideo_PAL_B,    F_WEU_BROAD, AnalogVideo_PAL_B,    F_DTV_7&8M,Belgium,0,0
33,  F_UNI_CABLE, AnalogVideo_SECAM_L,  F_FRA_BROAD, AnalogVideo_SECAM_L,  F_DTV_8M,France,1,1
34,  F_UNI_CABLE, AnalogVideo_PAL_B,    F_WEU_BROAD, AnalogVideo_PAL_B,    F_DTV_7&8M,Spain,0,0
350, F_UNI_CABLE, AnalogVideo_PAL_B,    F_WEU_BROAD, AnalogVideo_PAL_B,    F_DTV_7&8M,Gibraltar,0,0
351, F_UNI_CABLE, AnalogVideo_PAL_B,    F_WEU_BROAD, AnalogVideo_PAL_B,    F_DTV_7&8M,Portugal,0,0
352, F_UNI_CABLE, AnalogVideo_PAL_B,    F_WEU_BROAD, AnalogVideo_PAL_B,    F_DTV_7&8M,Luxembourg,0,0
353, F_UNI_CABLE, AnalogVideo_PAL_I,    F_IRE_BROAD, AnalogVideo_PAL_I,    F_DTV_8M,Ireland,0,0
354, F_UNI_CABLE, AnalogVideo_PAL_B,    F_WEU_BROAD, AnalogVideo_PAL_B,    F_DTV_7&8M,Iceland,0,0
355, F_UNI_CABLE, AnalogVideo_PAL_B,    F_ITA_BROAD, AnalogVideo_PAL_B,    F_DTV_7&8M,Albania,0,0
356, F_UNI_CABLE, AnalogVideo_PAL_B,    F_WEU_BROAD, AnalogVideo_PAL_B,    F_DTV_7&8M,Malta,0,0
357, F_UNI_CABLE, AnalogVideo_PAL_B,    F_WEU_BROAD, AnalogVideo_PAL_B,    F_DTV_7&8M,Cyprus,0,0
358, F_UNI_CABLE, AnalogVideo_PAL_B,    F_WEU_BROAD, AnalogVideo_PAL_B,    F_DTV_7&8M,Finland,0,1
359, F_UNI_CABLE, AnalogVideo_SECAM_D,  F_EEU_BROAD, AnalogVideo_SECAM_D,  F_DTV_8M,Bulgaria,0,0
36,  F_UNI_CABLE, AnalogVideo_SECAM_D,  F_EEU_BROAD, AnalogVideo_SECAM_D,  F_DTV_8M,Hungary,0,0
370, F_UNI_CABLE, AnalogVideo_PAL_B,    F_USA_BROAD, AnalogVideo_PAL_B,    F_DTV_6M,Lithuania,0,0
371, F_UNI_CABLE, AnalogVideo_SECAM_D,  F_USA_BROAD, AnalogVideo_SECAM_D,  F_DTV_6M,Latvia,0,0
372, F_UNI_CABLE, AnalogVideo_PAL_B,    F_USA_BROAD, AnalogVideo_PAL_B,    F_DTV_6M,Estonia,0,0
373, F_UNI_CABLE, AnalogVideo_SECAM_D,  F_EEU_BROAD, AnalogVideo_SECAM_D,  F_DTV_8M,Moldova,0,0
374, F_UNI_CABLE, AnalogVideo_SECAM_D,  F_EEU_BROAD, AnalogVideo_SECAM_D,  F_DTV_8M,Armenia,0,0
375, F_RUS_CABLE, AnalogVideo_SECAM_D,  F_EEU_BROAD, AnalogVideo_SECAM_D,  F_DTV_8M,Belarus,0,0
376, F_UNI_CABLE, AnalogVideo_NTSC_M,   F_USA_BROAD, AnalogVideo_NTSC_M,   F_DTV_6M,Andorra,0,0
377, F_UNI_CABLE, AnalogVideo_SECAM_G,  F_WEU_BROAD, AnalogVideo_SECAM_G,  F_DTV_7&8M,Monaco,0,0
378, F_UNI_CABLE, AnalogVideo_PAL_B,    F_ITA_BROAD, AnalogVideo_PAL_B,    F_DTV_7&8M,San Marino,0,0
380, F_RUS_CABLE, AnalogVideo_SECAM_D,  F_EEU_BROAD, AnalogVideo_SECAM_D,  F_DTV_8M,Ukraine,0,0
381, F_UNI_CABLE, AnalogVideo_PAL_B,    F_WEU_BROAD, AnalogVideo_PAL_B,    F_DTV_7&8M,Serbia and Montenegro,0,0
385, F_UNI_CABLE, AnalogVideo_PAL_B,    F_WEU_BROAD, AnalogVideo_PAL_B,    F_DTV_7&8M,Croatia,0,0
386, F_UNI_CABLE, AnalogVideo_PAL_B,    F_WEU_BROAD, AnalogVideo_PAL_B,    F_DTV_7&8M,Slovenia,0,0
387, F_UNI_CABLE, AnalogVideo_PAL_B,    F_WEU_BROAD, AnalogVideo_PAL_B,    F_DTV_7&8M,Bosnia and Herzegovina,0,0
389, F_UNI_CABLE, AnalogVideo_PAL_B,    F_WEU_BROAD, AnalogVideo_PAL_B,    F_DTV_7&8M,F.Y.R.O.M. (Former Yugoslav Republic of Macedonia),0,0
39,  F_UNI_CABLE, AnalogVideo_PAL_B,    F_ITA_BROAD, AnalogVideo_PAL_B,    F_DTV_7&8M,Italy,0,0
39,  F_UNI_CABLE, AnalogVideo_PAL_B,    F_ITA_BROAD, AnalogVideo_PAL_B,    F_DTV_7&8M,Vatican City,0,0
40,  F_UNI_CABLE, AnalogVideo_PAL_D,    F_EEU_BROAD, AnalogVideo_PAL_D,    F_DTV_8M,Romania,0,0
41,  F_UNI_CABLE, AnalogVideo_PAL_B,    F_WEU_BROAD, AnalogVideo_PAL_B,    F_DTV_7&8M,Switzerland,0,0
41,  F_UNI_CABLE, AnalogVideo_PAL_B,    F_WEU_BROAD, AnalogVideo_PAL_B,    F_DTV_7&8M,Liechtenstein,0,0
420, F_UNI_CABLE, AnalogVideo_PAL_D,    F_CZE_BROAD, AnalogVideo_PAL_D,    F_DTV_8M,Czech Republic,0,0
421, F_UNI_CABLE, AnalogVideo_PAL_B,    F_WEU_BROAD, AnalogVideo_PAL_B,    F_DTV_7&8M,Slovak Republic,0,0
43,  F_UNI_CABLE, AnalogVideo_PAL_B,    F_WEU_BROAD, AnalogVideo_PAL_B,    F_DTV_7&8M,Austria,0,0
44,  F_UK__CABLE, AnalogVideo_PAL_I,    F_UK__BROAD, AnalogVideo_PAL_I,    F_DTV_8M,United Kingdom,0,1
45,  F_UNI_CABLE, AnalogVideo_PAL_B,    F_WEU_BROAD, AnalogVideo_PAL_B,    F_DTV_7&8M,Denmark,0,1
46,  F_WEU_CABLE, AnalogVideo_PAL_B,    F_WEU_BROAD, AnalogVideo_PAL_B,    F_DTV_7&8M,Sweden,0,1
47,  F_UNI_CABLE, AnalogVideo_PAL_B,    F_WEU_BROAD, AnalogVideo_PAL_B,    F_DTV_7&8M,Norway,0,1
48,  F_POL_CABLE, AnalogVideo_PAL_D,    F_EEU_BROAD, AnalogVideo_PAL_D,  F_DTV_8M,Poland,0,0
49,  F_WEU_CABLE, AnalogVideo_PAL_B,    F_WEU_BROAD, AnalogVideo_PAL_B,    F_DTV_7&8M,Germany,0,0
500, F_UNI_CABLE, AnalogVideo_PAL_I,    F_UK__BROAD, AnalogVideo_PAL_I,    F_DTV_8M,Falkland Islands (Islas Malvinas),0,0
501, F_USA_CABLE, AnalogVideo_NTSC_M,   F_USA_BROAD, AnalogVideo_NTSC_M,   F_DTV_6M,Belize,0,0
502, F_USA_CABLE, AnalogVideo_NTSC_M,   F_USA_BROAD, AnalogVideo_NTSC_M,   F_DTV_6M,Guatemala,0,0
503, F_USA_CABLE, AnalogVideo_NTSC_M,   F_USA_BROAD, AnalogVideo_NTSC_M,   F_DTV_6M,El Salvador,0,0
504, F_USA_CABLE, AnalogVideo_NTSC_M,   F_USA_BROAD, AnalogVideo_NTSC_M,   F_DTV_6M,Honduras,0,0
505, F_USA_CABLE, AnalogVideo_NTSC_M,   F_USA_BROAD, AnalogVideo_NTSC_M,   F_DTV_6M,Nicaragua,0,0
506, F_USA_CABLE, AnalogVideo_NTSC_M,   F_USA_BROAD, AnalogVideo_NTSC_M,   F_DTV_6M,Costa Rica,0,0
507, F_USA_CABLE, AnalogVideo_NTSC_M,   F_USA_BROAD, AnalogVideo_NTSC_M,   F_DTV_6M,Panama,0,0
508, F_UNI_CABLE, AnalogVideo_SECAM_K,  F_FOT_BROAD, AnalogVideo_SECAM_K,  F_DTV_8M,St. Pierre and Miquelon,0,0
509, F_USA_CABLE, AnalogVideo_NTSC_M,   F_USA_BROAD, AnalogVideo_NTSC_M,   F_DTV_6M,Haiti,0,0
51,  F_USA_CABLE, AnalogVideo_NTSC_M,   F_USA_BROAD, AnalogVideo_NTSC_M,   F_DTV_6M,Peru,0,0
52,  F_USA_CABLE, AnalogVideo_NTSC_M,   F_USA_BROAD, AnalogVideo_NTSC_M,   F_DTV_6M,Mexico,0,0
53,  F_USA_CABLE, AnalogVideo_NTSC_M,   F_USA_BROAD, AnalogVideo_NTSC_M,   F_DTV_6M,Cuba,0,0
53,  F_USA_CABLE, AnalogVideo_NTSC_M,   F_USA_BROAD, AnalogVideo_NTSC_M,   F_DTV_6M,Guantanamo Bay,0,0
54,  F_USA_CABLE, AnalogVideo_PAL_N,    F_USA_BROAD, AnalogVideo_PAL_N,    F_DTV_6M,Argentina,0,0
55,  F_USA_CABLE, AnalogVideo_PAL_M,    F_USA_BROAD, AnalogVideo_PAL_M,    F_DTV_6M,Brazil,0,0
56,  F_USA_CABLE, AnalogVideo_NTSC_M,   F_USA_BROAD, AnalogVideo_NTSC_M,   F_DTV_6M,Chile,0,0
57,  F_USA_CABLE, AnalogVideo_NTSC_M,   F_USA_BROAD, AnalogVideo_NTSC_M,   F_DTV_6M,Colombia,0,0
58,  F_USA_CABLE, AnalogVideo_NTSC_M,   F_USA_BROAD, AnalogVideo_NTSC_M,   F_DTV_6M,Bolivarian Republic of Venezuela,0,0
590, F_UNI_CABLE, AnalogVideo_SECAM_K,  F_FOT_BROAD, AnalogVideo_SECAM_K,  F_DTV_8M,Guadeloupe,0,0
590, F_UNI_CABLE, AnalogVideo_NTSC_M,   F_USA_BROAD, AnalogVideo_NTSC_M,   F_DTV_6M,French Antilles,0,0
591, F_USA_CABLE, AnalogVideo_PAL_N,    F_USA_BROAD, AnalogVideo_PAL_N,    F_DTV_6M,Bolivia,0,0
592, F_UNI_CABLE, AnalogVideo_SECAM_K,  F_FOT_BROAD, AnalogVideo_SECAM_K,  F_DTV_8M,Guyana,0,0
593, F_USA_CABLE, AnalogVideo_NTSC_M,   F_USA_BROAD, AnalogVideo_NTSC_M,   F_DTV_6M,Ecuador,0,0
594, F_UNI_CABLE, AnalogVideo_SECAM_K,  F_FOT_BROAD, AnalogVideo_SECAM_K,  F_DTV_8M,French Guiana,0,0
595, F_USA_CABLE, AnalogVideo_PAL_N,    F_USA_BROAD, AnalogVideo_PAL_N,    F_DTV_6M,Paraguay,0,0
596, F_UNI_CABLE, AnalogVideo_SECAM_K,  F_FOT_BROAD, AnalogVideo_SECAM_K,  F_DTV_8M,Martinique,0,0
597, F_USA_CABLE, AnalogVideo_NTSC_M,   F_USA_BROAD, AnalogVideo_NTSC_M,   F_DTV_6M,Suriname,0,0
598, F_USA_CABLE, AnalogVideo_PAL_N,    F_USA_BROAD, AnalogVideo_PAL_N,    F_DTV_6M,Uruguay,0,0
599, F_USA_CABLE, AnalogVideo_NTSC_M,   F_USA_BROAD, AnalogVideo_NTSC_M,   F_DTV_6M,Netherlands Antilles,0,0
60,  F_UNI_CABLE, AnalogVideo_PAL_B,    F_WEU_BROAD, AnalogVideo_PAL_B,    F_DTV_7&8M,Malaysia,0,0
61,  F_UNI_CABLE, AnalogVideo_PAL_B,    F_OZ__BROAD, AnalogVideo_PAL_B,    F_DTV_AU,Australia,1,1
62,  F_UNI_CABLE, AnalogVideo_PAL_B,    F_USA_BROAD, AnalogVideo_PAL_B,    F_DTV_6M,Indonesia,0,0
63,  F_USA_CABLE, AnalogVideo_NTSC_M,   F_USA_BROAD, AnalogVideo_NTSC_M,   F_DTV_6M,Philippines,0,0
64,  F_UNI_CABLE, AnalogVideo_PAL_B,    F_NZ__BROAD, AnalogVideo_PAL_B,    F_DTV_7M,New Zealand,0,0
65,  F_UNI_CABLE, AnalogVideo_PAL_B,    F_WEU_BROAD, AnalogVideo_PAL_B,    F_DTV_7&8M,Singapore,0,0
66,  F_UNI_CABLE, AnalogVideo_PAL_B,    F_WEU_BROAD, AnalogVideo_PAL_B,    F_DTV_7&8M,Thailand,0,0
670, F_UNI_CABLE, AnalogVideo_NTSC_M,   F_USA_BROAD, AnalogVideo_NTSC_M,   F_DTV_6M,Saipan Island,0,0
670, F_UNI_CABLE, AnalogVideo_NTSC_M,   F_USA_BROAD, AnalogVideo_NTSC_M,   F_DTV_6M,Rota Island,0,0
670, F_UNI_CABLE, AnalogVideo_NTSC_M,   F_USA_BROAD, AnalogVideo_NTSC_M,   F_DTV_6M,Tinian Island,0,0
671, F_USA_CABLE, AnalogVideo_NTSC_M,   F_USA_BROAD, AnalogVideo_NTSC_M,   F_DTV_6M,Guam,0,0
672, F_UNI_CABLE, AnalogVideo_NTSC_M,   F_USA_BROAD, AnalogVideo_NTSC_M,   F_DTV_6M,Christmas Island,0,0
672, F_UNI_CABLE, AnalogVideo_NTSC_M,   F_USA_BROAD, AnalogVideo_NTSC_M,   F_DTV_6M,Australian Antarctic Territory,0,0
672, F_UNI_CABLE, AnalogVideo_PAL_B,    F_USA_BROAD, AnalogVideo_PAL_B,    F_DTV_6M,Norfolk Island,0,0
673, F_UNI_CABLE, AnalogVideo_PAL_B,    F_WEU_BROAD, AnalogVideo_PAL_B,    F_DTV_7&8M,Brunei,0,0
674, F_UNI_CABLE, AnalogVideo_NTSC_M,   F_USA_BROAD, AnalogVideo_NTSC_M,   F_DTV_6M,Nauru,0,0
675, F_UNI_CABLE, AnalogVideo_PAL_B,    F_USA_BROAD, AnalogVideo_PAL_B,    F_DTV_6M,Papua New Guinea,0,0
676, F_UNI_CABLE, AnalogVideo_NTSC_M,   F_USA_BROAD, AnalogVideo_NTSC_M,   F_DTV_6M,Tonga,0,0
677, F_UNI_CABLE, AnalogVideo_NTSC_M,   F_USA_BROAD, AnalogVideo_NTSC_M,   F_DTV_6M,Solomon Islands,0,0
678, F_UNI_CABLE, AnalogVideo_NTSC_M,   F_USA_BROAD, AnalogVideo_NTSC_M,   F_DTV_6M,Vanuatu,0,0
679, F_UNI_CABLE, AnalogVideo_NTSC_M,   F_USA_BROAD, AnalogVideo_NTSC_M,   F_DTV_6M,Fiji Islands,0,0
680, F_UNI_CABLE, AnalogVideo_NTSC_M,   F_USA_BROAD, AnalogVideo_NTSC_M,   F_DTV_6M,Palau,0,0
681, F_UNI_CABLE, AnalogVideo_SECAM_K,  F_USA_BROAD, AnalogVideo_SECAM_K,  F_DTV_6M,Wallis and Futuna Islands,0,0
682, F_UNI_CABLE, AnalogVideo_PAL_B,    F_USA_BROAD, AnalogVideo_PAL_B,    F_DTV_6M,Cook Islands,0,0
683, F_UNI_CABLE, AnalogVideo_NTSC_M,   F_USA_BROAD, AnalogVideo_NTSC_M,   F_DTV_6M,Niue,0,0
684, F_USA_CABLE, AnalogVideo_NTSC_M,   F_USA_BROAD, AnalogVideo_NTSC_M,   F_DTV_6M,Territory of American Samoa,0,0
685, F_UNI_CABLE, AnalogVideo_PAL_B,    F_USA_BROAD, AnalogVideo_PAL_B,    F_DTV_6M,Samoa,0,0
686, F_UNI_CABLE, AnalogVideo_PAL_B,    F_USA_BROAD, AnalogVideo_PAL_B,    F_DTV_6M,Kiribati Republic,0,0
687, F_UNI_CABLE, AnalogVideo_SECAM_K,  F_FOT_BROAD, AnalogVideo_SECAM_K,  F_DTV_8M,New Caledonia,0,0
688, F_UNI_CABLE, AnalogVideo_NTSC_M,   F_USA_BROAD, AnalogVideo_NTSC_M,   F_DTV_6M,Tuvalu,0,0
689, F_UNI_CABLE, AnalogVideo_SECAM_K,  F_FOT_BROAD, AnalogVideo_SECAM_K,  F_DTV_8M,French Polynesia,0,0
690, F_UNI_CABLE, AnalogVideo_NTSC_M,   F_USA_BROAD, AnalogVideo_NTSC_M,   F_DTV_6M,Tokelau,0,0
691, F_USA_CABLE, AnalogVideo_NTSC_M,   F_USA_BROAD, AnalogVideo_NTSC_M,   F_DTV_6M,Micronesia,0,0
692, F_UNI_CABLE, AnalogVideo_NTSC_M,   F_USA_BROAD, AnalogVideo_NTSC_M,   F_DTV_6M,Marshall Islands,0,0
7,   F_RUS_CABLE, AnalogVideo_SECAM_D,  F_EEU_BROAD, AnalogVideo_SECAM_D,  F_DTV_8M,Russia,0,0
7,   F_RUS_CABLE, AnalogVideo_SECAM_D,  F_EEU_BROAD, AnalogVideo_SECAM_D,  F_DTV_8M,Kazakhstan,0,0
7,   F_RUS_CABLE, AnalogVideo_SECAM_D,  F_EEU_BROAD, AnalogVideo_SECAM_D,  F_DTV_8M,Kyrgyzstan,0,0
7,   F_RUS_CABLE, AnalogVideo_SECAM_D,  F_EEU_BROAD, AnalogVideo_SECAM_D,  F_DTV_8M,Tajikistan,0,0
7,   F_RUS_CABLE, AnalogVideo_SECAM_D,  F_EEU_BROAD, AnalogVideo_SECAM_D,  F_DTV_8M,Turkmenistan,0,0
7,   F_RUS_CABLE, AnalogVideo_SECAM_D,  F_EEU_BROAD, AnalogVideo_SECAM_D,  F_DTV_8M,Uzbekistan,0,0
81,  F_JAP_CABLE, AnalogVideo_NTSC_M_J, F_JAP_BROAD, AnalogVideo_NTSC_M_J, F_DTV_6M,Japan,0,0
82,  F_USA_CABLE, AnalogVideo_NTSC_M,   F_USA_BROAD, AnalogVideo_NTSC_M,   F_ATSC_6,Korea (South),0,1
84,  F_USA_CABLE, AnalogVideo_NTSC_M,   F_USA_BROAD, AnalogVideo_NTSC_M,   F_DTV_6M,Vietnam,0,0
850, F_UNI_CABLE, AnalogVideo_SECAM_D,  F_EEU_BROAD, AnalogVideo_SECAM_D,  F_DTV_8M,Korea (North),0,0
852, F_UNI_CABLE, AnalogVideo_PAL_I,    F_UK__BROAD, AnalogVideo_PAL_I,    F_DTV_8M,Hong Kong SAR,0,0
853, F_UNI_CABLE, AnalogVideo_PAL_I,    F_UK__BROAD, AnalogVideo_PAL_I,    F_DTV_8M,Macao SAR,0,0
855, F_USA_CABLE, AnalogVideo_PAL_B,    F_USA_BROAD, AnalogVideo_PAL_B,    F_DTV_6M,Cambodia,0,0
856, F_UNI_CABLE, AnalogVideo_PAL_B,    F_USA_BROAD, AnalogVideo_PAL_B,    F_DTV_6M,Laos,0,0
86,  F_CHN_CABLE, AnalogVideo_PAL_D,    F_CHN_BROAD, AnalogVideo_PAL_D,    F_DTV_8M,China,0,0
871, F_UNI_CABLE, AnalogVideo_NTSC_M,   F_USA_BROAD, AnalogVideo_NTSC_M,   F_DTV_6M,INMARSAT (Atlantic-East),0,0
872, F_UNI_CABLE, AnalogVideo_NTSC_M,   F_USA_BROAD, AnalogVideo_NTSC_M,   F_DTV_6M,INMARSAT (Pacific),0,0
873, F_UNI_CABLE, AnalogVideo_NTSC_M,   F_USA_BROAD, AnalogVideo_NTSC_M,   F_DTV_6M,INMARSAT (Indian),0,0
874, F_UNI_CABLE, AnalogVideo_NTSC_M,   F_USA_BROAD, AnalogVideo_NTSC_M,   F_DTV_6M,INMARSAT (Atlantic-West),0,0
880, F_UNI_CABLE, AnalogVideo_PAL_B,    F_WEU_BROAD, AnalogVideo_PAL_B,    F_DTV_7&8M,Bangladesh,0,0
886, F_USA_CABLE, AnalogVideo_NTSC_M,   F_USA_BROAD, AnalogVideo_NTSC_M,   F_DTV_6M,Taiwan,0,0
90,  F_UNI_CABLE, AnalogVideo_PAL_B,    F_USA_BROAD, AnalogVideo_PAL_B,    F_DTV_6M,Turkey,0,0
91,  F_UNI_CABLE, AnalogVideo_PAL_B,    F_WEU_BROAD, AnalogVideo_PAL_B,    F_DTV_7&8M,India,0,0
92,  F_UNI_CABLE, AnalogVideo_PAL_B,    F_WEU_BROAD, AnalogVideo_PAL_B,    F_DTV_7&8M,Pakistan,0,0
93,  F_UNI_CABLE, AnalogVideo_PAL_B,    F_WEU_BROAD, AnalogVideo_PAL_B,    F_DTV_7&8M,Afghanistan,0,0
94,  F_UNI_CABLE, AnalogVideo_PAL_B,    F_WEU_BROAD, AnalogVideo_PAL_B,    F_DTV_7&8M,Sri Lanka,0,0
95,  F_UNI_CABLE, AnalogVideo_NTSC_M,   F_USA_BROAD, AnalogVideo_NTSC_M,   F_DTV_6M,Myanmar,0,0
960, F_UNI_CABLE, AnalogVideo_PAL_B,    F_WEU_BROAD, AnalogVideo_PAL_B,    F_DTV_7&8M,Maldives,0,0
961, F_UNI_CABLE, AnalogVideo_SECAM_B,  F_WEU_BROAD, AnalogVideo_SECAM_B,  F_DTV_7&8M,Lebanon,0,0
962, F_UNI_CABLE, AnalogVideo_PAL_B,    F_WEU_BROAD, AnalogVideo_PAL_B,    F_DTV_7&8M,Jordan,0,0
963, F_UNI_CABLE, AnalogVideo_SECAM_B,  F_WEU_BROAD, AnalogVideo_SECAM_B,  F_DTV_7&8M,Syria,0,0
964, F_UNI_CABLE, AnalogVideo_SECAM_B,  F_WEU_BROAD, AnalogVideo_SECAM_B,  F_DTV_7&8M,Iraq,0,0
965, F_UNI_CABLE, AnalogVideo_PAL_B,    F_WEU_BROAD, AnalogVideo_PAL_B,    F_DTV_7&8M,Kuwait,0,0
966, F_UNI_CABLE, AnalogVideo_SECAM_B,  F_WEU_BROAD, AnalogVideo_SECAM_B,  F_DTV_7&8M,Saudi Arabia,0,0
967, F_UNI_CABLE, AnalogVideo_PAL_B,    F_WEU_BROAD, AnalogVideo_PAL_B,    F_DTV_7&8M,Yemen,0,0
968, F_UNI_CABLE, AnalogVideo_PAL_B,    F_WEU_BROAD, AnalogVideo_PAL_B,    F_DTV_7&8M,Oman,0,0
971, F_UNI_CABLE, AnalogVideo_PAL_B,    F_WEU_BROAD, AnalogVideo_PAL_B,    F_DTV_7&8M,United Arab Emirates,0,0
972, F_UNI_CABLE, AnalogVideo_PAL_B,    F_WEU_BROAD, AnalogVideo_PAL_B,    F_DTV_7&8M,Israel,0,0
973, F_UNI_CABLE, AnalogVideo_PAL_B,    F_WEU_BROAD, AnalogVideo_PAL_B,    F_DTV_7&8M,Bahrain,0,0
974, F_UNI_CABLE, AnalogVideo_PAL_B,    F_WEU_BROAD, AnalogVideo_PAL_B,    F_DTV_7&8M,Qatar,0,0
975, F_UNI_CABLE, AnalogVideo_NTSC_M,   F_USA_BROAD, AnalogVideo_NTSC_M,   F_DTV_6M,Bhutan,0,0
976, F_UNI_CABLE, AnalogVideo_SECAM_D,  F_EEU_BROAD, AnalogVideo_SECAM_D,  F_DTV_8M,Mongolia,0,0
977, F_UNI_CABLE, AnalogVideo_PAL_B,    F_USA_BROAD, AnalogVideo_PAL_B,    F_DTV_6M,Nepal,0,0
98,  F_UNI_CABLE, AnalogVideo_SECAM_B,  F_WEU_BROAD, AnalogVideo_SECAM_B,  F_DTV_7&8M,Iran,0,0
994, F_UNI_CABLE, AnalogVideo_SECAM_D,  F_EEU_BROAD, AnalogVideo_SECAM_D,  F_DTV_8M,Azerbaijan,0,0
995, F_UNI_CABLE, AnalogVideo_SECAM_D,  F_EEU_BROAD, AnalogVideo_SECAM_D,  F_DTV_8M,Georgia,0,0
END

                                                                                                                                                                                                                                                                                                                                                                                                                                                                                                                                                                                                                                                                                                                                                                                                                                                                                                                                                                                                                                                                                                                                                                                                                                                                                                                                                                                                                                                                                                                                     